Time(sec)	Xin(m)	Yin(m)	Zin(m)	x(m)	y(m)	z(m)
0	1644835.794764	-17022037.223146	-20078263.192097	10120291.567892	13785315.904932	-20078263.192097
300	2689333.226701	-17356038.916386	-19669547.438664	9884253.186809	14517786.987361	-19669547.438664
600	3728568.327641	-17656094.783497	-19222355.584436	9665412.153401	15238756.927079	-19222355.584436
900	4760504.983375	-17921601.700550	-18737544.804871	9463539.703054	15946398.699977	-18737544.804871
1200	5783119.865394	-18152025.114385	-18216048.301164	9278303.889703	16638917.274303	-18216048.301164
1500	6794406.678376	-18346900.274698	-17658873.478817	9109271.562827	17314556.979477	-17658873.478817
1800	7792380.382545	-18505833.311631	-17067099.952424	8955910.819879	17971608.719604	-17067099.952424
2100	8775081.378924	-18628502.155452	-16441877.380984	8817593.923370	18608416.997826	-16441877.380984
2400	9740579.646944	-18714657.295001	-15784423.138611	8693600.669503	19223386.718448	-15784423.138611
2700	10686978.823079	-18764122.372334	-15096019.826100	8583122.192956	19814989.734786	-15096019.826100
3000	11612420.209622	-18776794.611409	-14378012.629370	8485265.190209	20381771.111847	-14378012.629370
3300	12515086.702805	-18752645.079229	-13631806.531307	8399056.541696	20922355.074314	-13631806.531307
3600	13393206.629738	-18691718.778397	-12858863.384094	8323448.311027	21435450.611807	-12858863.384094
3900	14245057.483861	-18594134.570580	-12060698.849523	8257323.097637	21919856.715056	-12060698.849523
4200	15068969.548954	-18460084.930944	-11238879.215310	8199499.717403	22374467.218445	-11238879.215310
4500	15863329.402100	-18289835.534178	-10395018.095784	8148739.184170	22798275.226323	-10395018.095784
4800	16626583.286373	-18083724.673275	-9530773.025744	8103750.963579	23190377.102535	-9530773.025744
5100	17357240.344510	-17842162.512795	-8647841.956592	8063199.469282	23549976.004842	-8647841.956592
5400	18053875.705254	-17565630.178862	-7747959.664165	8025710.770421	23876384.948121	-7747959.664165
5700	18715133.414597	-17254678.688685	-6832894.077947	7989879.478252	24169029.382640	-6832894.077947
6000	19339729.204689	-16909927.722910	-5904442.541538	7954275.778959	24427449.276112	-5904442.541538
6300	19926453.093741	-16532064.244589	-4964428.014446	7917452.579036	24651300.690693	-4964428.014446
6600	20474171.810846	-16121840.969037	-4014695.225397	7877952.729156	24840356.848648	-4014695.225397
6900	20981831.040268	-15680074.689310	-3057106.787416	7834316.292152	24994508.682893	-3057106.787416
7200	21448457.480358	-15207644.462429	-2093539.284976	7785087.820633	25113764.871230	-2093539.284976
7500	21873160.712917	-14705489.661923	-1125879.343534	7728823.609842	25198251.355560	-1125879.343534
7800	22255134.879472	-14174607.902579	-156019.691653	7664098.891628	25248210.349937	-156019.691653
8100	22593660.161579	-13616052.843672	814144.774112	7589514.935845	25263998.843753	814144.774112
8400	22888104.062942	-13030931.877222	1782720.911578	7503706.026106	25246086.608792	1782720.911578
8700	23137922.491771	-12420403.708115	2747821.232718	7405346.277610	25195053.721246	2747821.232718
9000	23342660.642490	-11785675.833103	3707567.771235	7293156.265715	25111587.612043	3707567.771235
9300	23501953.676351	-11128001.926257	4660095.908585	7165909.435002	24996479.661054	4660095.908585
9600	23615527.201696	-10448679.137571	5603558.149338	7022438.259863	24850621.352802	5603558.149338
9900	23683197.554282	-9749045.313278	6536127.837139	6861640.128991	24675000.013288	6536127.837139
10200	23704871.879605	-9030476.144819	7456002.802813	6682482.927680	24470694.149367	7456002.802813
10500	23680548.019155	-8294382.254489	8361408.936579	6484010.293462	24238868.413879	8361408.936579
10800	23610314.203291	-7542206.225497	9250603.676676	6265346.522330	23980768.221248	9250603.676676
11100	23494348.553866	-6775419.584200	10121879.407161	6025701.104614	23697714.039762	10121879.407161
11400	23332918.400252	-5995519.742248	10973566.758018	5764372.871500	23391095.388007	10973566.758018
11700	23126379.412865	-5204026.906331	11804037.801191	5480753.735110	23062364.564040	11804037.801191
12000	22875174.558685	-4402480.963105	12611709.136570	5174332.007127	22713030.136924	12611709.136570
12300	22579832.883692	-3592438.346778	13395044.862448	4844695.283003	22344650.231000	13395044.862448
12600	22240968.127474	-2775468.896671	14152559.425385	4491532.880875	21958825.633985	14152559.425385
12900	21859277.175576	-1953152.711952	14882820.344914	4114637.826478	21557192.760463	14882820.344914
13200	21435538.355469	-1127077.010496	15584450.808958	3713908.377431	21141416.502695	15584450.808958
13500	20970609.582262	-298832.998670	16256132.136296	3289349.082446	20713183.000846	16256132.136296
13800	20465426.360482	529987.241400	16896606.102853	2841071.373103	20274192.364809	16896606.102853
14100	19920999.648464	1357793.840750	17504677.129055	2369293.687937	19826151.379639	17504677.129055
14400	19338413.592013	2183002.202617	18079214.325884	1874341.130668	19370766.226411	18079214.325884
14700	18718823.134155	3004036.025757	18619153.397727	1356644.666394	18909735.249891	18619153.397727
15000	18063451.507852	3819330.286493	19123498.400493	816739.861584	18444741.803895	19123498.400493
15300	17373587.618643	4627334.174210	19591323.353864	255265.175590	17977447.204556	19591323.353864
15600	16650583.324194	5426513.975274	20021773.706934	-327040.186736	17509483.820948	20021773.706934
15900	15895850.617759	6215355.900649	20414067.656842	-929338.849940	17042448.331617	20414067.656842
16200	15110858.722514	6992368.852766	20767497.320319	-1550698.257323	16577895.174588	20767497.320319
16500	14297131.103726	7756087.127453	21081429.758431	-2190094.060062	16117330.217311	21081429.758431
16800	13456242.405617	8505073.047038	21355307.855059	-2846413.889863	15662204.671813	21355307.855059
17100	12589815.319719	9237919.521021	21588651.049961	-3518461.497492	15213909.279083	21588651.049961
17400	11699517.391532	9953252.530789	21781055.927510	-4204961.238166	14773768.785315	21781055.927510
17700	10787057.771797	10649733.535688	21932196.662436	-4904562.883547	14343036.731271	21932196.662436
18000	9854183.919229	11326061.797041	22041825.324138	-5615846.738931	13922890.574490	22041825.324138
18300	8902678.260769	11980976.617939	22109772.041303	-6337329.043184	13514427.162584	22109772.041303
18600	7934354.815651	12613259.496253	22135945.028778	-7067467.628022	13118658.574233	22135945.028778
18900	6951055.789304	13221736.188756	22120330.478778	-7804667.812415	12736508.342906	22120330.478778
19200	5954648.142967	13805278.684425	22062992.318669	-8547288.507143	12368808.076643	22062992.318669
19500	4947020.144731	14362807.085188	21964071.837697	-9293648.503914	12016294.485589	21964071.837697
19800	3930077.907560	14893291.392585	21823787.185113	-10042032.922925	11679606.827236	21823787.185113
20100	2905741.919670	15395753.198982	21642432.742289	-10790699.792336	11359284.777634	21642432.742289
20400	1875943.572483	15869267.282158	21420378.371447	-11537886.732790	11055766.735103	21420378.371447
20700	842621.691213	16312963.102213	21158068.543722	-12281817.719917	10769388.561260	21158068.543722
21000	-192280.927038	16726026.199941	20856021.349328	-13020709.897629	10500382.762442	20856021.349328
21300	-1226820.962927	17107699.495881	20514827.392626	-13752780.414989	10248878.112923	20514827.392626
21600	-2259058.007699	17457284.489449	20135148.574945	-14476253.259526	10014899.719607	20135148.574945
21900	-3287057.974753	17774142.357601	19717716.768017	-15189366.060031	9798369.526204	19717716.768017
22200	-4308896.485654	18057694.952637	19263332.380909	-15890376.832124	9599107.253264	19263332.380909
22500	-5322662.226441	18307425.698803	18772862.823345	-16577570.640237	9416831.768803	18772862.823345
22800	-6326460.270186	18522880.387456	18247240.868313	-17249266.150084	9251162.882676	18247240.868313
23100	-7318415.361892	18703667.870623	17687462.916858	-17903822.046239	9101623.556288	17687462.916858
23400	-8296675.161918	18849460.652847	17094587.167956	-18539643.289982	8967642.517732	17094587.167956
23700	-9259413.444209	18959995.381283	16469731.696365	-19155187.193328	8848557.270970	16469731.696365
24000	-10204833.245716	19035073.234046	15814072.441335	-19748969.285833	8743617.486234	15814072.441335
24300	-11131169.963457	19074560.206865	15128841.109066	-20319568.951657	8651988.757479	15128841.109066
24600	-12036694.395736	19078387.298155	14415322.991797	-20865634.815227	8572756.711370	14415322.991797
24900	-12919715.724147	19046550.592587	13674854.706407	-21385889.854808	8504931.451035	13674854.706407
25200	-13778584.432761	18979111.243519	12908821.855411	-21879136.224338	8447452.316614	12908821.855411
25500	-14611695.161770	18876195.354066	12118656.613244	-22344259.764953	8399192.943471	12118656.613244
25800	-15417489.491498	18737993.757583	11305835.240748	-22780234.188772	8358966.597872	11305835.240748
26100	-16194458.654114	18564761.697432	10471875.530772	-23186124.918739	8325531.768897	10471875.530772
26400	-16941146.169581	18356818.406489	9618334.187835	-23561092.569546	8297597.994434	9618334.187835
26700	-17656150.402620	18114546.586680	8746804.144842	-23904396.055985	8273831.898194	8746804.144842
27000	-18338127.037500	17838391.788935	7858911.819860	-24215395.316417	8252863.413910	7858911.819860
27300	-18985791.467405	17528861.693936	6956314.316025	-24493553.640439	8233292.172142	6956314.316025
27600	-19597921.095170	17186525.294133	6040696.567694	-24738439.591271	8213694.024456	6040696.567694
27900	-20173357.542154	16812011.977496	5113768.436031	-24949728.514859	8192627.679194	5113768.436031
28200	-20711008.762006	16406010.513563	4177261.757286	-25127203.629156	8168641.422536	4177261.757286
28500	-21209851.056087	15969267.942388	3232927.347091	-25270756.688639	8140279.898185	3232927.347091
28800	-21668930.987295	15502588.367051	2282531.964220	-25380388.220613	8106090.918646	2282531.964220
29100	-22087367.189020	15006831.650490	1327855.237315	-25456207.331473	8064632.280880	1327855.237315
29400	-22464352.065980	14482912.017463	370686.558234	-25498431.082678	8014478.558948	370686.558234
29700	-22799153.383655	13931796.562581	-587178.054242	-25507383.437802	7954227.846215	-587178.054242
30000	-23091115.743063	13354503.665409	-1543939.116471	-25483493.783656	7882508.419744	-1543939.116471
30300	-23339661.937624	12752101.313782	-2497796.863770	-25427295.030076	7797985.299614	-2497796.863770
30600	-23544294.188872	12125705.336573	-3446954.451862	-25339421.294643	7699366.676172	-3446954.451862
30900	-23704595.257806	11476477.547306	-4389621.171652	-25220605.180163	7585410.178530	-4389621.171652
31200	-23820229.428700	10805623.800123	-5324015.672909	-25071674.654397	7454928.958060	-5324015.672909
31500	-23890943.362256	10114391.959798	-6248369.192259	-24893549.543107	7306797.561165	-6248369.192259
31800	-23916566.815027	9404069.787615	-7160928.780746	-24687237.649041	7139957.566243	-7160928.780746
32100	-23897013.222106	8675982.745145	-8059960.526050	-24453830.511076	6953422.960467	-8059960.526050
32400	-23832280.140203	7931491.718098	-8943752.764305	-24194498.819201	6746285.232857	-8943752.764305
32700	-23722449.548287	7171990.662658	-9810619.276284	-23910487.502551	6517718.161031	-9810619.276284
33000	-23567688.003146	6398904.176837	-10658902.462566	-23603110.509099	6266982.270061	-10658902.462566
33300	-23368246.647246	5613684.999964	-11486976.492140	-23273745.297031	5993428.942959	-11486976.492140
33600	-23124461.066725	4817811.442581	-12293250.418755	-22923827.059134	5696504.163579	-12293250.418755
33900	-22836750.997039	4012784.751018	-13076171.259180	-22554842.702799	5375751.873997	-13076171.259180
34200	-22505619.874501	3200126.409400	-13834227.027381	-22168324.609451	5030816.929852	-13834227.027381
34500	-22131654.231837	2381375.383103	-14565949.718528	-21765844.198310	4661447.638636	-14565949.718528
34800	-21715522.936268	1558085.307639	-15269918.236587	-21349005.320448	4267497.867480	-15269918.236587
35100	-21257976.268849	731821.627172	-15944761.259186	-20919437.510042	3848928.708662	-15944761.259186
35400	-20759844.844098	-95841.312813	-16589160.033324	-20478789.120569	3405809.692790	-16589160.033324
35700	-20222038.369267	-923323.213943	-17201851.095439	-20028720.374452	2938319.541426	-17201851.095439
36000	-19645544.242917	-1749040.809496	-17781628.909281	-19570896.355289	2446746.452793	-17781628.909281
36300	-19031425.992836	-2571410.879781	-18327348.415013	-19106979.972337	1931487.916133	-18327348.415013
36600	-18380821.553701	-3388853.292854	-18837927.482947	-18638624.927320	1393050.052281	-18837927.482947
36900	-17694941.385289	-4199794.064835	-19312349.265325	-18167468.713910	832046.480042	-19312349.265325
37200	-16975066.432449	-5002668.433836	-19749664.439599	-17695125.680386	249196.710025	-19749664.439599
37500	-16222545.928477	-5795923.941297	-20148993.336725	-17223180.185996	-354675.930317	-20148993.336725
37800	-15438795.044005	-6578023.514329	-20509527.948068	-16753179.881414	-978646.834583	-20509527.948068
38100	-14625292.383943	-7347448.542431	-20830533.804642	-16286629.143430	-1621693.110264	-20830533.804642
38400	-13783577.335528	-8102701.941798	-21111351.722552	-15824982.693615	-2282697.016443	-21111351.722552
38700	-12915247.270982	-8842311.200250	-21351399.408689	-15369639.430130	-2960449.834140	-21351399.408689
39000	-12021954.608817	-9564831.395685	-21550172.920928	-14921936.501182	-3653656.155010	-21550172.920928
39300	-11105403.738285	-10268848.180815	-21707247.977342	-14483143.647753	-4360938.572083	-21707247.977342
39600	-10167347.812000	-10952980.726866	-21822281.109197	-14054457.842288	-5080842.754170	-21822281.109197
39900	-9209585.412265	-11615884.618829	-21895010.652810	-13636998.248841	-5811842.883704	-21895010.652810
40200	-8233957.097125	-12256254.694812	-21925257.575702	-13231801.528955	-6552347.435824	-21925257.575702
40500	-7242341.832663	-12872827.822024	-21912926.132819	-12839817.516123	-7300705.274785	-21912926.132819
40800	-6236653.318570	-13464385.601925	-21858004.349025	-12461905.280132	-8055212.042049	-21858004.349025
41100	-5218836.214421	-14029756.997138	-21760564.324479	-12098829.600928	-8814116.808813	-21760564.324479
41400	-4190862.274812	-14567820.872704	-21620762.359984	-11751257.869863	-9575628.964283	-21620762.359984
41700	-3154726.401275	-15077508.444622	-21438838.899852	-11419757.434264	-10337925.309612	-21438838.899852
42000	-2112442.620389	-15557805.628326	-21215118.290384	-11104793.399272	-11099157.326242	-21215118.290384
42300	-1066039.996850	-16007755.280358	-20950008.352545	-10806726.898792	-11857458.586293	-20950008.352545
42600	-17558.491240	-16426459.326457	-20643999.767995	-10525813.845213	-12610952.271747	-20643999.767995
42900	1030955.227626	-16813080.769575	-20297665.278218	-10262204.165307	-13357758.768415	-20297665.278218
43200	2077452.005554	-17166845.571635	-19911658.697036	-10015941.527361	-14096003.300093	-19911658.697036
43500	3119884.450566	-17487044.403131	-19486713.737424	-9786963.562293	-14823823.567903	-19486713.737424
43800	4156211.194527	-17773034.255005	-19023642.654141	-9575102.579022	-15539377.359608	-19023642.654141
44100	5184401.157927	-18024239.907624	-18523334.704294	-9380086.771998	-16240850.093627	-18523334.704294
44400	6202437.806787	-18240155.252054	-17986754.428555	-9201541.916339	-16926462.262622	-17986754.428555
44700	7208323.390567	-18420344.459281	-17414939.756400	-9038993.543579	-17594476.741884	-17414939.756400
45000	8200083.149928	-18564442.993447	-16808999.939289	-8891869.588674	-18243205.928254	-16808999.939289
45300	9175769.483144	-18672158.465675	-16170113.316348	-8759503.496489	-18871018.676003	-16170113.316348
45600	10133466.060085	-18743271.325527	-15499524.917665	-8641137.773707	-19476346.997038	-15499524.917665
45900	11071291.872704	-18777635.387661	-14798543.910903	-8535927.969840	-20057692.493810	-14798543.910903
46200	11987405.211187	-18775178.191782	-14068540.897458	-8442947.068834	-20613632.494619	-14068540.897458
46500	12880007.555051	-18735901.194508	-13310945.064931	-8361190.270695	-21142825.862353	-13310945.064931
46800	13747347.368764	-18659879.792347	-12527241.203164	-8289580.140589	-21644018.449332	-12527241.203164
47100	14587723.791725	-18547263.175496	-11718966.591584	-8226972.100982	-22116048.172637	-11718966.591584
47400	15399490.212780	-18398274.012773	-10887707.765992	-8172160.240704	-22557849.686148	-10887707.765992
47700	16181057.719832	-18213207.968511	-10035097.173379	-8123883.413193	-22968458.627553	-10035097.173379
48000	16930898.415510	-17992433.052825	-9162809.723690	-8080831.594764	-23347015.420687	-9162809.723690
48300	17647548.590334	-17736388.807190	-8272559.247775	-8041652.472458	-23692768.615766	-8272559.247775
48600	18329611.745278	-17445585.327810	-7366094.871075	-8004958.229916	-24005077.752422	-7366094.871075
48900	18975761.456230	-17120602.129739	-6445197.312793	-7969332.498784	-24283415.732809	-6445197.312793
49200	19584744.073117	-16762086.855517	-5511675.120539	-7933337.442408	-24527370.694517	-5511675.120539
49500	20155381.247816	-16370753.831682	-4567360.850551	-7895520.937968	-24736647.375512	-4567360.850551
49800	20686572.284316	-15947382.478454	-3614107.203723	-7854423.822836	-24911067.965858	-3614107.203723
50100	21177296.306457	-15492815.576875	-2653783.127723	-7808587.170713	-25050572.443517	-2653783.127723
50400	21626614.238488	-15007957.398956	-1688269.895509	-7756559.563085	-25155218.394074	-1688269.895509
50700	22033670.594550	-14493771.706507	-719457.170514	-7696904.321693	-25225180.316743	-719457.170514
51000	22397695.073818	-13951279.624705	250760.931300	-7628206.668044	-25260748.421534	250760.931300
51300	22718003.958715	-13381557.396775	1220489.772422	-7549080.776520	-25262326.924908	1220489.772422
51600	22994001.314231	-12785734.026472	2187838.107873	-7458176.688325	-25230431.853622	2187838.107873
51900	23225179.987052	-12164988.815295	3150921.972646	-7354187.054347	-25165688.368826	3150921.972646
52200	23411122.403859	-11520548.801587	4107868.532983	-7235853.676061	-25068827.624699	4107868.532983
52500	23551501.168757	-10853686.108876	5056819.892248	-7101973.814719	-24940683.178033	5056819.892248
52800	23646079.460440	-10165715.210952	5995936.842441	-6951406.240405	-24782186.967265	5995936.842441
53100	23694711.230285	-9457990.121308	6923402.552709	-6783076.993973	-24594364.881314	6923402.552709
53400	23697341.203147	-8731901.514645	7837426.186602	-6595984.836407	-24378331.940428	7837426.186602
53700	23654004.683177	-7988873.788209	8736246.440153	-6389206.361856	-24135287.112884	8736246.440153
54000	23564827.167537	-7230362.070717	9618134.993291	-6161900.752339	-23866507.792886	9618134.993291
54300	23430023.771345	-6457849.186660	10481399.867491	-5913314.153958	-23573343.966439	10481399.867491
54600	23249898.467703	-5672842.583681	11324388.683008	-5642783.656424	-23257212.093124	11324388.683008
54900	23024843.147068	-4876871.230679	12145491.809473	-5349740.859662	-22919588.732832	12145491.809473
55200	22755336.500642	-4071482.494189	12943145.404098	-5033715.013317	-22562003.947404	12943145.404098
55500	22441942.732849	-3258239.000453	13715834.332157	-4694335.717078	-22186034.507859	13715834.332157
55800	22085310.108275	-2438715.490442	14462094.964916	-4331335.171835	-21793296.938536	14462094.964916
56100	21686169.338790	-1614495.674939	15180517.850618	-3944549.973828	-21385440.429859	15180517.850618
56400	21245331.816823	-787169.096575	15869750.254581	-3533922.446066	-20964139.651765	15869750.254581
56700	20763687.700997	41671.994488	16528498.564943	-3099501.503440	-20531087.499931	16528498.564943
57000	20242203.860553	870435.744797	17155530.561023	-2641443.050053	-20087987.806929	17155530.561023
57300	19681921.685152	1697533.775289	17749677.541702	-2160009.909371	-19636548.050259	17749677.541702
57600	19083954.766777	2521384.227090	18309836.311650	-1655571.289886	-19178472.088910	18309836.311650
57900	18449486.460585	3340414.768836	18834971.023669	-1128601.790917	-18715452.959646	18834971.023669
58200	17779767.331630	4153065.560735	19324114.875769	-579679.955209	-18249165.763623	19324114.875769
58500	17076112.494407	4957792.169928	19776371.662037	-9486.376821	-17781260.673262	19776371.662037
58800	16339898.852234	5753068.432293	20190917.176669	581198.625369	-17313356.088459	20190917.176669
59100	15572562.243440	6537389.256078	20567000.470934	1191497.756436	-16847031.970282	20567000.470934
59400	14775594.501334	7309273.363027	20903944.963129	1820439.902716	-16383823.379294	20903944.963129
59700	13950540.434868	8067265.962931	21201149.401923	2466963.682319	-15925214.244451	21201149.401923
60000	13098994.736844	8809941.357816	21458088.683757	3129921.371995	-15472631.387361	21458088.683757
60300	12222598.826417	9535905.472264	21674314.525253	3808083.192134	-15027438.825337	21674314.525253
60600	11323037.632569	10243798.306587	21849455.991836	4500141.930341	-14590932.375328	21849455.991836
60900	10402036.325085	10932296.309889	21983219.883980	5204717.882862	-14164334.579338	21983219.883980
61200	9461356.999447	11600114.670243	22075390.982738	5920364.091985	-13748789.970470	22075390.982738
61500	8502795.321919	12246009.519483	22125832.156368	6645571.856573	-13345360.697143	22125832.156368
61800	7528177.140960	12868780.050348	22134484.330070	7378776.491972	-12955022.521456	22134484.330070
62100	6539355.070911	13467270.543890	22101366.320980	8118363.314746	-12578661.206009	22101366.320980
62400	5538205.053793	14040372.305338	22026574.540718	8862673.827003	-12217069.301863	22026574.540718
62700	4526622.904842	14587025.506736	21910282.567898	9610012.074485	-11870943.348573	21910282.567898
63000	3506520.847263	15106220.934907	21752740.593114	10358651.152128	-11540881.495580	21752740.593114
63300	2479824.041528	15597001.643465	21554274.738998	11106839.830394	-11227381.552489	21554274.738998
63600	1448467.114346	16058464.507733	21315286.258033	11852809.275443	-10930839.474049	21315286.258033
63900	414390.692299	16489761.681607	21036250.610856	12594779.835984	-10651548.283941	21036250.610856
64200	-620462.055030	16890101.955538	20717716.427821	13330967.869619	-10389697.439742	20717716.427821
64500	-1654148.857788	17258752.014922	20360304.356671	14059592.581470	-10145372.639749	20360304.356671
64800	-2684731.769940	17595037.598312	19964705.799152	14778882.848032	-9918556.070653	19964705.799152
65100	-3710280.570133	17898344.555011	19531681.539443	15487083.999367	-9709127.093387	19531681.539443
65400	-4728876.135663	18168119.801586	19062060.267307	16182464.533079	-9516863.362835	19062060.267307
65700	-5738613.784679	18403872.177113	18556736.998833	16863322.733879	-9341442.375470	18556736.998833
66000	-6737606.583209	18605173.196868	18016671.397690	17527993.173027	-9182443.437445	18016671.397690
66300	-7723988.612915	18771657.704355	17442885.999775	18174853.062482	-9039350.044063	17442885.999775
66600	-8695918.195827	18903024.421580	16836464.344155	18802328.439238	-8911552.660136	16836464.344155
66900	-9651581.072403	18999036.397554	16198549.013198	19408900.156019	-8798351.889214	16198549.013198
67200	-10589193.529310	19059521.355055	15530339.584777	19993109.655301	-8698962.018315	15530339.584777
67500	-11507005.473409	19084371.935712	14833090.499424	20553564.504474	-8612514.923417	14833090.499424
67800	-12403303.448502	19073545.843530	14108108.845327	21088943.670895	-8538064.319662	14108108.845327
68100	-13276413.591436	19027065.887006	13356752.064046	21598002.516562	-8474590.339002	13356752.064046
68400	-14124704.524232	18945019.920011	12580425.579839	22079577.493199	-8421004.416832	12580425.579839
68700	-14946590.178913	18827560.681664	11780580.355487	22532590.519648	-8376154.468012	11780580.355487
69000	-15740532.551770	18674905.535434	10958710.377551	22956053.024650	-8338830.331658	10958710.377551
69300	-16505044.383804	18487336.107747	10116350.073964	23349069.639293	-8307769.463077	10116350.073964
69600	-17238691.764111	18265197.826424	9255071.666947	23710841.524722	-8281662.850293	9255071.666947
69900	-17940096.652979	18008899.359263	8376482.464224	24040669.321991	-8259161.131796	8376482.464224
70200	-18607939.321481	17718911.953178	7482222.091581	24337955.712318	-8238880.891337	7482222.091581
70500	-19240960.704335	17395768.674290	6573959.669855	24602207.577439	-8219411.104924	6573959.669855
70800	-19837964.662812	17040063.549439	5653390.939496	24833037.751161	-8199319.714544	5653390.939496
71100	-20397820.154451	16652450.609643	4722235.335925	25030166.354731	-8177160.302601	4722235.335925
71400	-20919463.306351	16233642.836058	3782233.018957	25193421.710152	-8151478.840609	3782233.018957
71700	-21401899.388783	15784411.009069	2835141.859682	25322740.827094	-8120820.485310	2835141.859682
72000	-21844204.685869	15305582.461228	1882734.388269	25418169.460645	-8083736.395102	1882734.388269
72300	-22245528.260060	14798039.734802	926794.706245	25479861.738722	-8038790.539473	926794.706245
72600	-22605093.607150	14262719.144793	-30884.633041	25508079.359552	-7984566.474021	-30884.633041
72900	-22922200.198585	13700609.248354	-988505.771997	25503190.361284	-7919674.053660	-988505.771997
73200	-23196224.907631	13112749.221940	-1944268.720465	25465667.467371	-7842756.056652	-1944268.720465
73500	-23426623.316592	12500227.146653	-2896374.547442	25396086.013025	-7752494.692321	-2896374.547442
73800	-23612930.901269	11864178.204053	-3843028.588645	25295121.459652	-7647617.965556	-3843028.588645
74100	-23754764.089889	11205782.783134	-4782443.665572	25163546.505793	-7526905.871597	-4782443.665572
74400	-23851821.193186	10526264.500368	-5712843.311553	25002227.804713	-7389196.395054	-5712843.311553
74700	-23903883.202556	9826888.134472	-6632465.000155	24812122.300358	-7233391.287696	-6632465.000155
75000	-23910814.453234	9108957.477840	-7539563.371106	24594273.194963	-7058461.600207	-7539563.371106
75300	-23872563.149560	8373813.106712	-8432413.448780	24349805.563150	-6863452.943866	-8432413.448780
75600	-23789161.749449	7622830.072356	-9309313.848108	24079921.628835	-6647490.459011	-9309313.848108
75900	-23660727.205326	6857415.515741	-10168589.962614	23785895.722737	-6409783.468065	-10168589.962614
76200	-23487461.058911	6079006.208389	-11008597.129132	23469068.939701	-6149629.792031	-11008597.129132
76500	-23269649.387371	5289066.022296	-11827723.763591	23130843.516399	-5866419.710458	-11827723.763591
76800	-23007662.598558	4489083.332058	-12624394.462114	22772676.951284	-5559639.546203	-12624394.462114
77100	-22701955.073194	3680568.352560	-13397073.061535	22396075.889907	-5228874.857628	-13397073.061535
77400	-22353064.652134	2865050.415823	-14144265.653293	22002589.799875	-4873813.222327	-14144265.653293
77700	-21961611.967008	2044075.190863	-14864523.544555	21593804.460809	-4494246.598001	-14864523.544555
78000	-21528299.612838	1219201.850643	-15556446.160286	21171335.295652	-4090073.247733	-15556446.160286
78300	-21053911.161503	392000.190483	-16218683.879910	20736820.570613	-3661299.218583	-16218683.879910
78600	-20539310.015175	-435952.297481	-16849940.802104	20291914.491809	-3208039.364206	-16849940.802104
78900	-19985438.099249	-1263073.388933	-17448977.431206	19838280.227392	-2730517.904030	-17448977.431206
79200	-19393314.394540	-2087779.125986	-18014613.278678	19377582.884529	-2229068.513439	-18014613.278678
79500	-18764033.308972	-2908486.844421	-18545729.373030	18911482.471090	-1704133.941336	-18545729.373030
79800	-18098762.889294	-3723618.223928	-19041270.671616	18441626.872249	-1156265.153501	-19041270.671616
80100	-17398742.873815	-4531602.355527	-19500248.367721	17969644.872417	-586120.002178	-19500248.367721
80400	-16665282.587531	-5330878.820075	-19921742.086426	17497139.253054	5538.575579	-19921742.086426
80700	-15899758.681496	-6119900.771577	-20304901.962786	17025679.996832	617844.826185	-20304901.962786
81000	-15103612.718689	-6897138.018831	-20648950.595968	16556797.628462	1249832.907674	-20648950.595968
81300	-14278348.609232	-7661080.098504	-20953184.873144	16091976.722177	1900440.068868	-20953184.873144
81600	-13425529.897975	-8410239.333289	-21216977.657056	15632649.605387	2568510.268582	-21216977.657056
81900	-12546776.908450	-9143153.867431	-21439779.331407	15180190.287419	3252798.221789	-21439779.331407
82200	-11643763.747222	-9858390.672969	-21621119.198417	14735908.641506	3951973.857604	-21621119.198417
82500	-10718215.173431	-10554548.519222	-21760606.723163	14301044.867268	4664627.171916	-21760606.723163
82800	-9771903.338752	-11230260.898173	-21857932.619607	13876764.259896	5389273.455505	-21857932.619607
83100	-8806644.403500	-11884198.898333	-21912869.773524	13464152.311063	6124358.876596	-21912869.773524
83400	-7824295.035117	-12515074.019615	-21925273.997907	13064210.165233	6868266.394923	-21925273.997907
83700	-6826748.795770	-13121640.921744	-21895084.616794	12677850.453618	7619321.982659	-21895084.616794
84000	-5815932.426265	-13702700.098747	-21822324.873903	12305893.526385	8375801.125885	-21822324.873903
84300	-4793802.033963	-14257100.472142	-21707102.162863	11949064.102042	9135935.578738	-21707102.162863
84600	-3762339.192827	-14783741.895503	-21549608.076333	11607988.351078	9897920.340958	-21549608.076333
84900	-2723546.964163	-15281577.563224	-21350118.271770	11283191.428965	10659920.828231	-21350118.271770
85200	-1679445.847043	-15749616.316436	-21108992.152161	10975095.471628	11420080.203605	-21108992.152161
85500	-632069.667759	-16186924.839245	-20826672.360518	10684018.064312	12176526.837228	-20826672.360518
85800	416538.581977	-16592629.738649	-20503684.087563	10410171.192581	12927381.860815	-20503684.087563
86100	1464330.948043	-16965919.501779	-20140634.192550	10153660.681886	13670766.782569	-20140634.192550
86400	2509258.747808	-17306046.324375	-19738210.137784	9914486.129805	14404811.127771	-19738210.137784
86700	3549276.824356	-17612327.804729	-19297178.738008	9692541.332677	15127660.069935	-19297178.738008
87000	4582347.810251	-17884148.497706	-18818384.726414	9487615.205917	15837482.017246	-18818384.726414
87300	5606446.389886	-18120961.323785	-18302749.139650	9299393.194896	16532476.119066	-18302749.139650
87600	6619563.549366	-18322288.828523	-17751267.524831	9127459.170821	17210879.657499	-17751267.524831
87900	7619710.802764	-18487724.288259	-17165007.972126	8971297.803632	17870975.289418	-17165007.972126
88200	8604924.383593	-18616932.658315	-16545108.977133	8830297.401536	18511098.104974	-16545108.977133
88500	9573269.390319	-18709651.360477	-15892777.137835	8703753.204477	19129642.469365	-15892777.137835
88800	10522843.874894	-18765690.906984	-15209284.691481	8590871.116498	19725068.615637	-15209284.691481
89100	11451782.863079	-18784935.358938	-14495966.897340	8490771.859778	20295908.957418	-14495966.897340
89400	12358262.296370	-18767342.617121	-13754219.271769	8402495.530965	20840774.091822	-13754219.271769
89700	13240502.884126	-18712944.544502	-12985494.682577	8325006.538378	21358358.464220	-12985494.682577
90000	14096773.856175	-18621846.919539	-12191300.310149	8257198.896751	21847445.668233	-12191300.310149
90300	14925396.605639	-18494229.220335	-11373194.483228	8197901.854366	22306913.356090	-11373194.483228
90600	15724748.212344	-18330344.240177	-10532783.397700	8145885.825752	22735737.736410	-10532783.397700
90900	16493264.837536	-18130517.535514	-9671717.727109	8099868.601616	23132997.638509	-9671717.727109
91200	17229444.981071	-17895146.708011	-8791689.133943	8058521.806284	23497878.124516	-8791689.133943
91500	17931852.592692	-17624700.522836	-7894426.691087	8020477.571729	23829673.632828	-7894426.691087
91800	18599120.029540	-17319717.865890	-6981693.223070	7984335.396222	24127790.638761	-6981693.223070
92100	19229950.852564	-16980806.543177	-6055281.576962	7948669.154774	24391749.820724	-6055281.576962
92400	19823122.455068	-16608641.926051	-5117010.832966	7912034.227856	24621187.722643	-5117010.832966
92700	20377488.517213	-16203965.446498	-4168722.464859	7872974.714366	24815857.905932	-4168722.464859
93000	20891981.280932	-15767582.947133	-3212276.460556	7830030.694528	24975631.586814	-3212276.460556
93300	21365613.640293	-15300362.890962	-2249547.413076	7781745.508223	25100497.757349	-2249547.413076
93600	21797481.043046	-14803234.436408	-1282420.592225	7726673.014359	25190562.791061	-1282420.592225
93900	22186763.199677	-14277185.383436	-312788.007228	7663384.797071	25246049.536582	-312788.007228
94200	22532725.597012	-13723259.997002	657455.529515	7590477.285000	25267295.905211	657455.529515
94500	22834720.814016	-13142556.714312	1626416.327523	7506578.750447	25254752.960706	1626416.327523
94800	23092189.638117	-12536225.742686	2592205.722324	7410356.155994	25208982.522023	2592205.722324
95100	23304661.981029	-11905466.555068	3552943.948872	7300521.817064	25130654.291969	3552943.948872
95400	23471757.593681	-11251525.290415	4506763.974910	7175839.850017	25020542.526978	4506763.974910
95700	23593186.580490	-10575692.066381	5451815.285116	7035132.376553	24879522.265291	5451815.285116
96000	23668749.713818	-9879298.211862	6386267.607243	6877285.456575	24708565.132824	6386267.607243
96300	23698338.550061	-9163713.427050	7308314.571742	6701254.723173	24508734.747873	7308314.571742
96600	23681935.349373	-8430342.878745	8216177.296767	6506070.694943	24281181.747549	8216177.296767
96900	23619612.801578	-7680624.238626	9108107.890812	6290843.742629	24027138.460442	9108107.890812
97200	23511533.561256	-6916024.672583	9982392.865655	6054768.688818	23747913.251457	9982392.865655
97500	23357949.595809	-6138037.788069	10837356.452698	5797129.021354	23444884.566103	10837356.452698
97800	23159201.350174	-5348180.548211	11671363.816228	5517300.703074	23119494.702654	11671363.816228
98100	22915716.732890	-4547990.159502	12482824.157573	5214755.562488	22773243.341617	12482824.157573
98400	22628009.928253	-3739020.940889	13270193.704571	4889064.252082	22407680.862788	13270193.704571
98700	22296680.039778	-2922841.181553	14031978.581246	4539898.763044	22024401.480860	14031978.581246
99000	21922409.570488	-2101029.994602	14766737.553025	4167034.487309	21625036.231091	14766737.553025
99300	21505962.745850	-1275174.173668	15473084.643303	3770351.819959	21211245.836886	15473084.643303
99600	21048183.685445	-446865.059255	16149691.617619	3349837.297166	20784713.491409	16149691.617619
99900	20549994.429656	382304.578585	16795290.332152	2905584.266960	20347137.585353	16795290.332152
100200	20012392.827884	1210743.634855	17408674.943684	2437793.092220	19900224.412966	17408674.943684
100500	19436450.294935	2036865.735389	17988703.978638	1946770.887368	19445680.888145	17988703.978638
100800	18823309.442358	2859092.267915	18534302.259165	1432930.792261	18985207.302103	18534302.259165
101100	18174181.591610	3675855.372810	19044462.684741	896790.788761	18520490.153552	19044462.684741
101400	17490344.175982	4485600.888203	19518247.868039	338972.067415	18053195.081760	19518247.868039
101700	16773138.038280	5286791.244376	19954791.624301	-239803.046498	17584959.932047	19954791.624301
102000	16023964.631238	6077908.302663	20353300.313723	-838713.596472	17117387.982453	20353300.313723
102300	15244283.127647	6857456.134367	20713054.036769	-1456842.915041	16652041.359290	20713054.036769
102600	14435607.447156	7623963.735448	21033407.682592	-2093181.946390	16190434.668257	21033407.682592
102900	13599503.206614	8375987.673053	21313791.831105	-2746632.955344	15734028.866583	21313791.831105
103200	12737584.600785	9112114.660191	21553713.509464	-3416013.605290	15284225.400428	21553713.509464
103500	11851511.220135	9830964.055165	21752756.804040	-4100061.386267	14842360.630432	21752756.804040
103800	10942984.812324	10531190.282605	21910583.329170	-4797438.373151	14409700.566875	21910583.329170
104100	10013745.993873	11211485.173196	22026932.554200	-5506736.292718	13987435.934476	22026932.554200
104400	9065570.918376	11870580.219485	22101621.990550	-6226481.877317	13576677.585285	22101621.990550
104700	8100267.907431	12507248.745329	22134547.240706	-6955142.481897	13178452.276584	22134547.240706
105000	7119674.050516	13120307.986739	22125681.911194	-7691131.940298	12793698.829088	22125681.911194
105300	6125651.779314	13708621.082378	22075077.391767	-8432816.635959	12423264.679059	22075077.391767
105600	5120085.422756	14271098.971619	21982862.503141	-9178521.761552	12067902.836317	21982862.503141
105900	4104877.747960	14806702.198839	21849243.015728	-9926537.741509	11728269.258386	21849243.015728
106200	3081946.492631	15314442.622472	21674501.041937	-10675126.790959	11404920.649323	21674501.041937
106500	2053220.894149	15793385.027607	21458994.304647	-11422529.584284	11098312.690070	21458994.304647
106800	1020638.220406	16242648.641081	21203155.284592	-12166972.006238	10808798.705407	21203155.284592
107100	-13859.692683	16661408.548143	20907490.249375	-12906671.958463	10536628.770904	20907490.249375
107400	-1048329.892240	17048897.009919	20572578.166946	-13639846.194179	10281949.261542	20572578.166946
107700	-2080831.743455	17404404.681032	20199069.506366	-14364717.153906	10044802.841966	20199069.506366
108000	-3109430.344134	17727281.726824	19787684.928717	-15079519.775205	9825128.896681	19787684.928717
108300	-4132199.914439	18016938.839751	19339213.871047	-15782508.249693	9622764.396815	19339213.871047
108600	-5147227.157665	18272848.154618	18854513.026237	-16471962.700905	9437445.198480	18854513.026237
108900	-6152614.587969	18494544.062374	18334504.721680	-17146195.757008	9268807.766133	18334504.721680
109200	-7146483.821136	18681623.922310	17780175.199689	-17803558.992858	9116391.312807	17780175.199689
109500	-8126978.824553	18833748.672527	17192572.802502	-18442449.216510	8979640.347535	17192572.802502
109800	-9092269.122644	18950643.338620	16572806.064812	-19061314.575919	8857907.618847	16572806.064812
110100	-10040552.954150	19032097.440585	15922041.716680	-19658660.462334	8750457.441739	15922041.716680
110400	-10970060.377680	19077965.297985	15241502.599734	-20233055.187702	8656469.394187	15241502.599734
110700	-11879056.322048	19088166.233473	14532465.499534	-20783135.414267	8575042.367902	14532465.499534
111000	-12765843.577973	19062684.674781	13796258.896980	-21307611.315516	8505198.956772	13796258.896980
111300	-13628765.727773	19001570.155363	13034260.641651	-21805271.448640	8445890.165213	13034260.641651
111600	-14466210.009710	18904937.213866	12247895.549967	-22274987.319743	8396000.417493	12247895.549967
111900	-15276610.113704	18772965.192660	11438632.931074	-22715717.624187	8354352.848016	11438632.931074
112200	-16058448.905148	18605897.935696	10607984.043377	-23126512.145648	8319714.851485	10607984.043377
112500	-16810261.073577	18404043.385969	9757499.484655	-23506515.298692	8290803.870962	9757499.484655
112800	-17530635.702989	18167773.082871	8888766.518746	-23854969.301005	8266293.400899	8888766.518746
113100	-18218218.760381	17897521.560033	8003406.341798	-24171216.962708	8244819.181438	8003406.341798
113400	-18871715.499842	17593785.643458	7103071.291156	-24454704.081641	8224985.559518	7103071.291156
113700	-19489892.778209	17257123.651162	6189441.999983	-24704981.434845	8205371.991662	6189441.999983
114000	-20071581.279640	16888154.494224	5264224.500804	-24921706.358011	8184539.662744	5264224.500804
114300	-20615677.645641	16487556.680009	4329147.281195	-25104643.906115	8161038.194534	4329147.281195
114600	-21121146.507332	16056067.218126	3385958.294964	-25253667.589994	8133412.417383	3385958.294964
114900	-21587022.416702	15594480.429768	2436421.932217	-25368759.685185	8100209.178098	2436421.932217
115200	-22012411.673602	15103646.661171	1482315.951830	-25450011.110918	8059984.156794	1482315.951830
115500	-22396494.045190	14584470.902008	525428.379936	-25497620.878738	8011308.665376	525428.379936
115800	-22738524.374583	14037911.309600	-432445.621836	-25511895.111849	7952776.400208	-432445.621836
116100	-23037834.075429	13464977.639970	-1389506.914530	-25493245.637912	7883010.121583	-1389506.914530
116400	-23293832.509159	12866729.586828	-2343955.562441	-25442188.159598	7800668.232717	-2343955.562441
116700	-23506008.241669	12244275.029720	-3293994.032003	-25359340.008898	7704451.231201	-3293994.032003
117000	-23673930.176211	11598768.192714	-4237830.404708	-25245417.492742	7593108.006184	-4237830.404708
117300	-23797248.559327	10931407.715085	-5173681.599654	-25101232.839150	7465441.954939	-5173681.599654
117600	-23875695.856669	10243434.635690	-6099776.601160	-24927690.754695	7320316.893013	-6099776.601160
117900	-23909087.495646	9536130.292801	-7014359.686722	-24725784.605660	7156662.732743	-7014359.686722
118200	-23897322.471867	8810814.141414	-7915693.650440	-24496592.236831	6973480.905646	-7915693.650440
118500	-23840383.816493	8068841.490170	-8802063.016859	-24241271.443362	6769849.505005	-8802063.016859
118800	-23738338.921641	7311601.160260	-9671777.240043	-23961055.112673	6544928.125873	-9671777.240043
119100	-23591339.721178	6540513.068874	-10523173.882511	-23657246.054749	6297962.380738	-10523173.882511
119400	-23399622.724321	5757025.739961	-11354621.768511	-23331211.540638	6028288.070186	-11354621.768511
119700	-23163508.899655	4962613.745298	-12164524.105977	-22984377.570252	5735334.989127	-12164524.105977
120000	-22883403.407331	4158775.079089	-12951321.571341	-22618222.891880	5418630.350406	-12951321.571341
120300	-22559795.177431	3347028.469556	-13713495.351246	-22234272.797002	5077801.809069	-13713495.351246
120600	-22193256.332682	2528910.631213	-14449570.135072	-21834092.715155	4712580.071979	-14449570.135072
120900	-21784441.453955	1705973.461748	-15158117.052076	-21419281.634633	4322801.079077	-15158117.052076
121200	-21334086.687225	879781.187966	-15837756.546822	-20991465.375758	3908407.744221	-15837756.546822
121500	-20843008.691036	51907.464557	-16487161.186499	-20552289.744364	3469451.245254	-16487161.186499
121800	-20312103.423663	-776067.568649	-17105058.393656	-20103413.593850	3006091.854769	-17105058.393656
122100	-19742344.769666	-1602560.266713	-17690233.097798	-19646501.824862	2518599.304872	-17690233.097798
122400	-19134783.005769	-2425986.491377	-18241530.299280	-19183218.352181	2007352.681210	-18241530.299280
122700	-18490543.106414	-3244764.649209	-18757857.538890	-18715219.068833	1472839.843456	-18757857.538890
123000	-17810822.889709	-4057318.750399	-19238187.266555	-18244144.837734	915656.371527	-19238187.266555
123300	-17096891.004937	-4862081.482252	-19681559.102589	-17771614.541358	336504.038811	-19681559.102589
123600	-16350084.763166	-5657497.291218	-20087081.985003	-17299218.219964	-263811.184185	-20087081.985003
123900	-15571807.813011	-6442025.467072	-20453936.196447	-16828510.328801	-884381.590260	-20453936.196447
124200	-14763527.663999	-7214143.222661	-20781375.264501	-16361003.144487	-1524200.652410	-20781375.264501
124500	-13926773.060506	-7972348.762449	-21068727.729141	-15898160.350385	-2182166.387422	-21068727.729141
124800	-13063131.209698	-8715164.332916	-21315398.771407	-15441390.830247	-2857085.154328	-21315398.771407
125100	-12174244.867412	-9441139.247735	-21520871.697487	-14992042.698760	-3547675.873777	-21520871.697487
125400	-11261809.286395	-10148852.880497	-21684709.272688	-14551397.596773	-4252574.652339	-21684709.272688
125700	-10327569.031851	-10836917.617681	-21806554.900012	-14120665.278062	-4970339.793715	-21806554.900012
126000	-9373314.669727	-11503981.764462	-21886133.638370	-13700978.513343	-5699457.176933	-21886133.638370
126300	-8400879.333682	-12148732.395905	-21923253.055798	-13293388.336040	-6438345.979645	-21923253.055798
126600	-7412135.177174	-12769898.146075	-21917803.913407	-12898859.652873	-7185364.722916	-21917803.913407
126900	-6408989.717603	-13366251.927596	-21869760.676182	-12518267.240870	-7938817.612117	-21869760.676182
127200	-5393382.079904	-13936613.574212	-21779181.847190	-12152392.150727	-8696961.146958	-21779181.847190
127500	-4367279.147469	-14479852.399000	-21646210.122187	-11801918.534657	-9458010.972190	-21646210.122187
127800	-3332671.628713	-14994889.660962	-21471072.362119	-11467430.915043	-10220148.939129	-21471072.362119
128100	-2291570.048011	-15480700.932866	-21254079.381493	-11149411.908144	-10981530.346920	-21254079.381493
128400	-1246000.670166	-15936318.363373	-20995625.551150	-10848240.415090	-11740291.331362	-20995625.551150
128700	-198001.367853	-16360832.826694	-20696188.214484	-10564190.290181	-12494556.368177	-20696188.214484
129000	850382.557865	-16753395.953236	-20356326.916762	-10297429.494273	-13242445.856831	-20356326.916762
129300	1897102.594346	-17113222.035012	-19976682.447741	-10048019.738742	-13982083.750391	-19976682.447741
129600	2940111.260352	-17439589.799816	-19557975.698405	-9815916.623121	-14711605.196478	-19557975.698405
129900	3977366.365082	-17731844.048580	-19101006.333225	-9600970.267140	-15429164.154119	-19101006.333225
130200	5006835.272182	-17989397.150635	-18606651.279963	-9402926.435446	-16132940.951222	-18606651.279963
130500	6026499.157766	-18211730.392016	-18075863.039667	-9221428.150879	-16821149.747511	-18075863.039667
130800	7034357.251356	-18398395.172376	-17509667.820082	-9056017.789714	-17492045.868079	-17509667.820082
131100	8028431.048566	-18549014.046498	-16909163.496342	-8906139.649911	-18143932.973174	-16909163.496342
131400	9006768.484362	-18663281.606895	-16275517.403379	-8771142.980993	-18775170.030551	-16275517.403379
131700	9967448.055777	-18740965.204440	-15609963.965084	-8650285.461889	-19384178.057542	-15609963.965084
132000	10908582.883036	-18781905.504529	-14913802.165831	-8542737.110783	-19969446.601075	-14913802.165831
132300	11828324.698173	-18786016.876744	-14188392.870495	-8447584.608824	-20529539.925081	-14188392.870495
132600	12724867.750447	-18753287.616577	-13435155.999660	-8363836.017482	-21063102.876098	-13435155.999660
132900	13596452.618041	-18683779.998276	-12655567.567192	-8290425.867293	-21568866.399455	-12655567.567192
133200	14441369.915872	-18577630.158473	-11851156.587827	-8226220.593905	-22045652.680120	-11851156.587827
133500	15257963.889599	-18435047.810762	-11023501.862872	-8170024.295557	-22492379.884116	-11023501.862872
133800	16044635.886343	-18256315.791996	-10174228.652516	-8120584.784525	-22908066.478421	-10174228.652516
134100	16799847.693009	-18041789.441602	-9305005.243626	-8076599.903591	-23291835.109340	-9305005.243626
134400	17522124.733563	-17791895.815752	-8417539.422216	-8036724.077316	-23642916.021553	-8417539.422216
134700	18210059.117091	-17507132.738807	-7513574.860088	-7999575.066719	-23960650.002329	-7513574.860088
135000	18862312.529008	-17188067.694911	-6594887.425380	-7963740.895028	-24244490.837790	-6594887.425380
135300	19477618.958310	-16835336.563194	-5663281.426945	-7927786.911363	-24494007.270538	-5663281.426945
135600	20054787.254355	-16449642.200463	-4720585.802682	-7890262.958597	-24708884.450434	-4720585.802682
135900	20592703.507244	-16031752.875798	-3768650.262004	-7849710.611231	-24888924.872879	-3768650.262004
136200	21090333.246505	-15582500.561845	-2809341.392739	-7804670.448858	-25034048.801448	-2809341.392739
136500	21546723.453412	-15102779.088089	-1844538.742765	-7753689.330750	-25144294.174299	-1844538.742765
136800	21961004.382933	-14593542.161669	-876130.886648	-7695327.637223	-25219815.996303	-876130.886648
137100	22332391.191757	-14055801.262038	93988.512479	-7628166.443741	-25260885.221349	93988.512479
137400	22660185.370160	-13490623.415096	1063924.635701	-7550814.594212	-25267887.131729	1063924.635701
137700	22943775.975003	-12899128.854342	2031785.425797	-7461915.640597	-25241319.223936	2031785.425797
138000	23182640.662945	-12282488.575269	2995685.479638	-7360154.616748	-25181788.612535	2995685.479638
138300	23376346.522915	-11641921.790376	3953749.905935	-7244264.615418	-25090008.966010	3953749.905935
138600	23524550.707742	-10978693.292097	4904118.139071	-7113033.138498	-24966796.990678	4904118.139071
138900	23627000.865438	-10294110.731104	5844947.699980	-6965308.191817	-24813068.480796	5844947.699980
139200	23683535.371230	-9589521.817602	6774417.895417	-6800004.097269	-24629833.954935	6774417.895417
139500	23694083.362013	-8866311.453311	7690733.447267	-6616106.996561	-24418193.900516	7690733.447267
139800	23658664.575462	-8125898.801887	8592128.043938	-6412680.022518	-24179333.650072	8592128.043938
140100	23577388.996566	-7369734.305551	9476867.806265	-6188868.115653	-23914517.914373	9476867.806265
140400	23450456.314865	-6599296.655717	10343254.660776	-5943902.465522	-23625084.998914	10343254.660776
140700	23278155.196134	-5816089.725316	11189629.613578	-5677104.558336	-23312440.731549	11189629.613578
141000	23060862.372715	-5021639.470515	12014375.918588	-5387889.814251	-22978052.130123	12014375.918588
141300	22799041.557105	-4217490.809366	12815922.134268	-5075770.799826	-22623440.839919	12815922.134268
141600	22493242.183792	-3405204.484843	13592745.063462	-4740360.003196	-22250176.371490	13592745.063462
141900	22144097.984679	-2586353.919569	14343372.571447	-4381372.161632	-21859869.170094	14343372.571447
142200	21752325.403740	-1762522.069344	15066386.277692	-3998626.133270	-21454163.548398	15066386.277692
142500	21318721.856841	-935298.282430	15760424.117362	-3592046.306946	-21034730.514443	15760424.117362
142800	20844163.842908	-106275.171319	16424182.768981	-3161663.546193	-20603260.526982	16424182.768981
143100	20329604.912802	722954.496509	17056419.945181	-2707615.665566	-20161456.210359	17056419.945181
143400	19776073.502494	1550800.882564	17655956.543849	-2230147.439559	-19711025.060895	17655956.543849
143700	19184670.637218	2375680.130040	18221678.657462	-1729610.146447	-19253672.176499	18221678.657462
144000	18556567.513444	3196017.379460	18752539.438771	-1206460.651366	-18791093.040787	18752539.438771
144300	17893002.965556	4010249.741778	19247560.821425	-661260.034938	-18324966.392412	19247560.821425
144600	17195280.824202	4816829.223749	19705835.094512	-94671.775633	-17856947.209667	19705835.094512
144900	16464767.173348	5614225.600401	20126526.330344	492540.504097	-17388659.839579	20126526.330344
145200	15702887.512882	6400929.230502	20508871.665182	1099515.716127	-16921691.299811	20508871.665182
145500	14911123.833933	7175453.809876	20852182.432930	1725298.395920	-16457584.780689	20852182.432930
145800	14091011.613674	7936339.059034	21155845.152119	2368842.187679	-15997833.373508	21155845.152119
146100	13244136.736531	8682153.341042	21419322.366840	3029013.708795	-15543874.050096	21419322.366840
146400	12372132.348558	9411496.206117	21642153.342497	3704596.775583	-15097081.917322	21642153.342497
146700	11476675.651659	10123000.859629	21823954.617571	4394296.970992	-14658764.768839	21823954.617571
147000	10559484.644206	10815336.550488	21964420.412765	5096746.533721	-14230157.954940	21964420.412765
147300	9622314.814503	11487210.877106	22063322.899150	5810509.547086	-13812419.589910	22063322.899150
147600	8666955.793373	12137372.008400	22120512.327100	6534087.404940	-13406626.114693	22120512.327100
147900	7695227.972033	12764610.817506	22135917.018004	7265924.531028	-13013768.231122	22135917.018004
148200	6708979.091237	13367762.926114	22109543.220882	8004414.327372	-12634747.222292	22109543.220882
148500	5710080.807534	13945710.657539	22041474.836166	8747905.326552	-12270371.672042	22041474.836166
148800	4700425.242301	14497384.896844	21931873.009057	9494707.522148	-11921354.594784	21931873.009057
149100	3681921.519065	15021766.856524	21780975.594938	10243098.851128	-11588310.985227	21780975.594938
149400	2656492.294444	15517889.746421	21589096.499437	10991331.801547	-11271755.795830	21589096.499437
149700	1626070.287888	15984840.346736	21356624.895810	11737640.118640	-10972102.348096	21356624.895810
150000	592594.815219	16421760.483123	21084024.322361	12480245.582214	-10689661.182082	21084024.322361
150300	-441991.669174	16827848.403015	20771831.662679	13217364.828118	-10424639.346803	20771831.662679
150600	-1475747.016799	17202360.052467	20420656.011519	13947216.186601	-10177140.132499	20420656.011519
150900	-2506732.811643	17544610.252891	20031177.429161	14668026.510461	-9947163.244023	20031177.429161
151200	-3533017.774477	17853973.777204	19604145.587131	15378037.966062	-9734605.412968	19604145.587131
151500	-4552681.140632	18129886.324982	19140378.308157	16075514.760611	-9539261.444494	19140378.308157
151800	-5563816.007107	18371845.396326	18640760.003268	16758749.779419	-9360825.693189	18640760.003268
152100	-6564532.645024	18579411.064193	18106240.008924	17426071.107357	-9198893.960754	18106240.008924
152400	-7552961.773526	18752206.645057	17537830.827073	18075848.409245	-9052965.806697	17537830.827073
152700	-8527257.791375	18889919.267775	16936606.271039	18706499.144526	-8922447.261792	16936606.271039
153000	-9485601.962322	18992300.340749	16303699.520131	19316494.592278	-8806653.932528	16303699.520131
153300	-10426205.551252	19059165.917118	15640301.085857	19904365.663399	-8704814.483427	15640301.085857
153600	-11347312.906754	19090396.958404	14947656.692621	20468708.477627	-8616074.482683	14947656.692621
153900	-12247204.487283	19085939.496452	14227065.075804	21008189.683976	-8539500.595329	14227065.075804
154200	-13124199.827248	19045804.693907	13479875.700089	21521551.504156	-8474085.106842	13479875.700089
154500	-13976660.439732	18970068.803396	12707486.400936	22007616.479578	-8418750.758928	12707486.400936
154800	-14802992.652509	18858873.025600	11911340.952087	22465291.903657	-8372355.878092	11911340.952087
155100	-15601650.374098	18712423.266481	11092926.562021	22893573.922267	-8333699.776525	11092926.562021
155400	-16371137.786584	18530989.793919	10253771.302284	23291551.286455	-8301528.403858	10253771.302284
155700	-17110011.961966	18314906.794058	9395441.470651	23658408.742752	-8274540.227381	9395441.470651
156000	-17816885.398814	18064571.827712	8519538.892104	23993430.047743	-8251392.317487	8519538.892104
156300	-18490428.476004	17780445.187180	7627698.160663	24296000.594950	-8230706.614302	7627698.160663
156600	-19129371.820305	17463049.153905	6721583.825140	24565609.643425	-8211076.350761	6721583.825140
156900	-19732508.584607	17112967.157412	5802887.521956	24801852.138968	-8191072.606748	5802887.521956
157200	-20298696.633544	16730842.836032	4873325.058228	25004430.120283	-8169250.968391	4873325.058228
157500	-20826860.633280	16317378.999984	3934633.448388	25173153.703973	-8144158.266104	3934633.448388
157800	-21315994.042210	15873336.497402	2988567.907706	25307941.643745	-8114339.364612	2988567.907706
158100	-21765160.999314	15399532.984033	2036898.806165	25408821.460810	-8078343.977888	2036898.806165
158400	-22173498.106910	14896841.597328	1081408.586239	25475929.144019	-8034733.481701	1081408.586239
158700	-22540216.104526	14366189.535803	123888.648236	25509508.419884	-7982087.696411	123888.648236
159000	-22864601.430632	13808556.544598	-833863.793006	25509909.594260	-7919011.612549	-833863.793006
159300	-23146017.668972	13224973.308269	-1790048.876178	25477587.969057	-7844142.031847	-1790048.876178
159600	-23383906.876225	12616519.751993	-2742867.282260	25413101.839004	-7756154.096510	-2742867.282260
159900	-23577790.787790	11984323.252434	-3690523.439822	25317110.075112	-7653767.679797	-3690523.439822
160200	-23727271.898467	11329556.759717	-4631228.742521	25190369.303066	-7535753.611323	-4631228.742521
160500	-23832034.414885	10653436.832037	-5563204.774344	25033730.686441	-7400939.710956	-5563204.774344
160800	-23891845.076573	9957221.584586	-6484686.537941	24848136.326170	-7248216.605729	-6484686.537941
161100	-23906553.842501	9242208.554980	-7393925.681295	24634615.289317	-7076543.304855	-7393925.681295
161400	-23876094.440442	8509732.486463	-8289193.717745	24394279.281699	-6884952.508661	-8289193.717745
161700	-23800484.775829	7761163.032173	-9168785.234285	24128317.980454	-6672555.628135	-9168785.234285
162000	-23679827.197685	6997902.382122	-10031021.082853	23837994.044088	-6438547.492717	-10031021.082853
162300	-23514308.618828	6221382.815871	-10874251.549193	23524637.818989	-6182210.725015	-10874251.549193
162600	-23304200.487896	5433064.183678	-11696859.493697	23189641.762734	-5902919.762295	-11696859.493697
162900	-23049858.610847	4634431.319244	-12497263.458509	22834454.605859	-5600144.505797	-12497263.458509
163200	-22751722.819794	3826991.387346	-13273920.734999	22460575.274996	-5273453.580321	-13273920.734999
163500	-22410316.487237	3012271.169938	-14025330.385607	22069546.601463	-4922517.187902	-14025330.385607
163800	-22026245.883970	2191814.294510	-14750036.213910	21662948.840482	-4547109.540947	-14750036.213910
164100	-21600199.379223	1367178.408767	-15446629.676668	21242393.027237	-4147110.861787	-15446629.676668
164400	-21132946.481821	539932.305931	-16113752.731485	20809514.196883	-3722508.937289	-16113752.731485
164700	-20625336.721492	-288346.994776	-16750100.613651	20365964.496461	-3273400.218919	-16750100.613651
165000	-20078298.369732	-1116077.207644	-17354424.535665	19913406.217385	-2799990.460487	-17354424.535665
165300	-19492836.999980	-1941673.774928	-17925534.302862	19453504.777785	-2302594.887677	-17925534.302862
165600	-18870033.887244	-2763552.890902	-18462300.838577	18987921.684485	-1781637.895424	-18462300.838577
165900	-18211044.247651	-3580134.549962	-18963658.612241	18518307.504773	-1237652.271197	-18963658.612241
166200	-17517095.318847	-4389845.612962	-19428607.963828	18046294.878360	-671277.944284	-19428607.963828
166500	-16789484.282544	-5191122.885749	-19856217.318131	17573491.600058	-83260.263254	-19856217.318131
166800	-16029576.030981	-5982416.203633	-20245625.282384	17101473.803673	525552.194150	-20245625.282384
167100	-15238800.779500	-6762191.515324	-20596042.620871	16631779.277473	1154210.272277	-20596042.620871
167400	-14418651.527922	-7528933.959670	-20906754.100275	16165900.941280	1801667.341505	-20906754.100275
167700	-13570681.373858	-8281150.928347	-21177120.199671	15705280.514791	2466782.844224	-21177120.199671
168000	-12696500.681607	-9017375.107509	-21406578.679278	15251302.406168	3148326.270130	-21406578.679278
168300	-11797774.110784	-9736167.491244	-21594646.002270	14805287.849184	3844981.546046	-21594646.002270
168600	-10876217.509273	-10436120.359595	-21740918.604229	14368489.316342	4555351.823422	-21740918.604229
168900	-9933594.675816	-11115860.213653	-21845074.005077	13942085.234362	5277964.644696	-21845074.005077
169200	-8971713.997519	-11774050.660656	-21906871.758673	13527175.027273	6011277.467767	-21906871.758673
169500	-7992424.968883	-12409395.241136	-21926154.235558	13124774.511014	6753683.525974	-21926154.235558
169800	-6997614.598680	-13020640.191014	-21902847.234775	12735811.662047	7503517.999204	-21902847.234775
170100	-5989203.711911	-13606577.131018	-21836960.421025	12361122.780877	8259064.470095	-21836960.421025
170400	-4969143.154448	-14166045.676056	-21728587.583925	12001449.069691	9018561.637707	-21728587.583925
170700	-3939409.908397	-14697935.957199	-21577906.716550	11657433.641506	9780210.259611	-21577906.716550
171000	-2902003.126688	-15201191.049068	-21385179.910959	11329618.976297	10542180.292022	-21385179.910959
171300	-1858940.095795	-15674809.295544	-21150753.068911	11018444.837528	11302618.196408	-21150753.068911
171600	-812252.135874	-16117846.526942	-20875055.426510	10724246.660409	12059654.379997	-20875055.426510
171900	236019.552007	-16529418.161943	-20558598.892089	10447254.420967	12811410.736718	-20558598.892089
172200	1283828.081592	-16908701.187900	-20201977.197195	10187591.992787	13556008.254396	-20201977.197195
172500	2329125.109810	-17254936.013348	-19805864.861155	9945276.995902	14291574.653503	-19805864.861155
172800	3369865.087291	-17567428.186924	-19371015.970268	9720221.139955	15016252.022380	-19371015.970268
