GST (hour)	GST (min)	GST (sec)	x (m)		y (m)		z (m)		X (m)		Y (m)		Z (m)
12		34		27.4644		3557514.658313	2053932.045623	-4862789.037593	-3209734.113544	-2563621.327830	-4862789.037593
12		44		29.1071		3557514.658313	2053932.045623	-4862789.037593	-3094532.849781	-2701557.668046	-4862789.037593
12		54		30.7499		3557514.658313	2053932.045623	-4862789.037593	-2973408.671890	-2834323.245871	-4862789.037593
13		4		32.3926		3557514.658313	2053932.045623	-4862789.037593	-2846593.410696	-2961663.948921	-4862789.037593
13		14		34.0354		3557514.658313	2053932.045623	-4862789.037593	-2714329.789717	-3083336.047985	-4862789.037593
13		24		35.6781		3557514.658313	2053932.045623	-4862789.037593	-2576870.960597	-3199106.663521	-4862789.037593
13		34		37.3209		3557514.658313	2053932.045623	-4862789.037593	-2434480.018566	-3308754.211385	-4862789.037593
13		44		38.9636		3557514.658313	2053932.045623	-4862789.037593	-2287429.498887	-3412068.826940	-4862789.037593
13		54		40.6064		3557514.658313	2053932.045623	-4862789.037593	-2136000.855222	-3508852.766737	-4862789.037593
14		4		42.2491		3557514.658313	2053932.045623	-4862789.037593	-1980483.920931	-3598920.786998	-4862789.037593
14		14		43.8919		3557514.658313	2053932.045623	-4862789.037593	-1821176.354333	-3682100.498163	-4862789.037593
14		24		45.5346		3557514.658313	2053932.045623	-4862789.037593	-1658383.068991	-3758232.694850	-4862789.037593
14		34		47.1773		3557514.658313	2053932.045623	-4862789.037593	-1492415.650108	-3827171.660569	-4862789.037593
14		44		48.8201		3557514.658313	2053932.045623	-4862789.037593	-1323591.758159	-3888785.446625	-4862789.037593
14		54		50.4628		3557514.658313	2053932.045623	-4862789.037593	-1152234.520887	-3942956.124664	-4862789.037593
15		4		52.1056		3557514.658313	2053932.045623	-4862789.037593	-978671.914838	-3989580.012390	-4862789.037593
15		14		53.7483		3557514.658313	2053932.045623	-4862789.037593	-803236.137622	-4028567.872007	-4862789.037593
15		24		55.3911		3557514.658313	2053932.045623	-4862789.037593	-626262.972084	-4059845.081028	-4862789.037593
15		34		57.0338		3557514.658313	2053932.045623	-4862789.037593	-448091.143600	-4083351.775096	-4862789.037593
15		44		58.6766		3557514.658313	2053932.045623	-4862789.037593	-269061.671833	-4099042.962559	-4862789.037593
15		55		0.3193		3557514.658313	2053932.045623	-4862789.037593	-89517.217918	-4106888.610597	-4862789.037593
16		5		1.9621		3557514.658313	2053932.045623	-4862789.037593	90198.571324	-4106873.702694	-4862789.037593
16		15		3.6048		3557514.658313	2053932.045623	-4862789.037593	269741.721134	-4098998.267386	-4862789.037593
16		25		5.2475		3557514.658313	2053932.045623	-4862789.037593	448768.587185	-4083277.378199	-4862789.037593
16		35		6.8903		3557514.658313	2053932.045623	-4862789.037593	626936.513314	-4059741.124804	-4862789.037593
16		45		8.5330		3557514.658313	2053932.045623	-4862789.037593	803904.487362	-4028434.555426	-4862789.037593
16		55		10.1758		3557514.658313	2053932.045623	-4862789.037593	979333.793871	-3989417.590618	-4862789.037593
17		5		11.8185		3557514.658313	2053932.045623	-4862789.037593	1152888.662380	-3942764.908577	-4862789.037593
17		15		13.4613		3557514.658313	2053932.045623	-4862789.037593	1324236.910091	-3888565.802208	-4862789.037593
17		25		15.1040		3557514.658313	2053932.045623	-4862789.037593	1493050.577663	-3826924.008220	-4862789.037593
17		35		16.7468		3557514.658313	2053932.045623	-4862789.037593	1659006.556921	-3757957.508574	-4862789.037593
17		45		18.3895		3557514.658313	2053932.045623	-4862789.037593	1821787.209287	-3681798.304664	-4862789.037593
17		55		20.0323		3557514.658313	2053932.045623	-4862789.037593	1981080.973737	-3598592.164673	-4862789.037593
18		5		21.6750		3557514.658313	2053932.045623	-4862789.037593	2136582.963125	-3508498.344568	-4862789.037593
18		15		23.3177		3557514.658313	2053932.045623	-4862789.037593	2287995.547737	-3411689.283286	-4862789.037593
18		25		24.9605		3557514.658313	2053932.045623	-4862789.037593	2435028.924948	-3308350.272691	-4862789.037593
18		35		26.6032		3557514.658313	2053932.045623	-4862789.037593	2577401.673909	-3198679.102924	-4862789.037593
18		45		28.2460		3557514.658313	2053932.045623	-4862789.037593	2714841.294179	-3082885.683831	-4862789.037593
18		55		29.8887		3557514.658313	2053932.045623	-4862789.037593	2847084.727290	-2961191.643205	-4862789.037593
19		5		31.5315		3557514.658313	2053932.045623	-4862789.037593	2973878.860240	-2833829.902582	-4862789.037593
19		15		33.1742		3557514.658313	2053932.045623	-4862789.037593	3094981.009950	-2701044.231441	-4862789.037593
19		25		34.8170		3557514.658313	2053932.045623	-4862789.037593	3210159.387757	-2563088.780622	-4862789.037593
19		35		36.4597		3557514.658313	2053932.045623	-4862789.037593	3319193.543054	-2420227.595888	-4862789.037593
19		45		38.1025		3557514.658313	2053932.045623	-4862789.037593	3421874.785236	-2272734.112544	-4862789.037593
19		55		39.7452		3557514.658313	2053932.045623	-4862789.037593	3518006.583134	-2120890.632064	-4862789.037593
20		5		41.3879		3557514.658313	2053932.045623	-4862789.037593	3607404.941145	-1964987.781834	-4862789.037593
20		15		43.0307		3557514.658313	2053932.045623	-4862789.037593	3689898.751449	-1805323.958798	-4862789.037593
20		25		44.6734		3557514.658313	2053932.045623	-4862789.037593	3765330.121473	-1642204.758391	-4862789.037593
20		35		46.3162		3557514.658313	2053932.045623	-4862789.037593	3833554.676104	-1475942.389618	-4862789.037593
20		45		47.9589		3557514.658313	2053932.045623	-4862789.037593	3894441.834026	-1306855.077482	-4862789.037593
20		55		49.6017		3557514.658313	2053932.045623	-4862789.037593	3947875.057645	-1135266.453912	-4862789.037593
21		5		51.2444		3557514.658313	2053932.045623	-4862789.037593	3993752.076146	-961504.938327	-4862789.037593
21		15		52.8872		3557514.658313	2053932.045623	-4862789.037593	4031985.081240	-785903.109047	-4862789.037593
21		25		54.5299		3557514.658313	2053932.045623	-4862789.037593	4062500.895222	-608797.066740	-4862789.037593
21		35		56.1727		3557514.658313	2053932.045623	-4862789.037593	4085241.111040	-430525.791124	-4862789.037593
21		45		57.8154		3557514.658313	2053932.045623	-4862789.037593	4100162.204079	-251430.492170	-4862789.037593
21		55		59.4582		3557514.658313	2053932.045623	-4862789.037593	4107235.615473	-71853.957021	-4862789.037593
22		6		1.1009		3557514.658313	2053932.045623	-4862789.037593	4106447.806763	107860.106097	-4862789.037593
22		16		2.7436		3557514.658313	2053932.045623	-4862789.037593	4097800.285807	287367.725730	-4862789.037593
22		26		4.3864		3557514.658313	2053932.045623	-4862789.037593	4081309.603901	466325.325555	-4862789.037593
22		36		6.0291		3557514.658313	2053932.045623	-4862789.037593	4057007.324095	644390.381984	-4862789.037593
22		46		7.6719		3557514.658313	2053932.045623	-4862789.037593	4024939.960780	821222.079751	-4862789.037593
22		56		9.3146		3557514.658313	2053932.045623	-4862789.037593	3985168.890665	996481.964228	-4862789.037593
23		6		10.9574		3557514.658313	2053932.045623	-4862789.037593	3937770.235298	1169834.589228	-4862789.037593
23		16		12.6001		3557514.658313	2053932.045623	-4862789.037593	3882834.715373	1340948.159045	-4862789.037593
23		26		14.2429		3557514.658313	2053932.045623	-4862789.037593	3820467.477089	1509495.163509	-4862789.037593
23		36		15.8856		3557514.658313	2053932.045623	-4862789.037593	3750787.890902	1675153.004837	-4862789.037593
23		46		17.5284		3557514.658313	2053932.045623	-4862789.037593	3673929.323050	1837604.615087	-4862789.037593
23		56		19.1711		3557514.658313	2053932.045623	-4862789.037593	3590038.880291	1996539.063016	-4862789.037593
0		6		20.8138		3557514.658313	2053932.045623	-4862789.037593	3499277.128344	2151652.149210	-4862789.037593
0		16		22.4566		3557514.658313	2053932.045623	-4862789.037593	3401817.784564	2302646.988310	-4862789.037593
0		26		24.0993		3557514.658313	2053932.045623	-4862789.037593	3297847.385440	2449234.577271	-4862789.037593
0		36		25.7421		3557514.658313	2053932.045623	-4862789.037593	3187564.929605	2591134.348447	-4862789.037593
0		46		27.3848		3557514.658313	2053932.045623	-4862789.037593	3071181.496895	2728074.706690	-4862789.037593
0		56		29.0276		3557514.658313	2053932.045623	-4862789.037593	2948919.844382	2859793.549115	-4862789.037593
1		6		30.6703		3557514.658313	2053932.045623	-4862789.037593	2821013.980011	2986038.766784	-4862789.037593
1		16		32.3131		3557514.658313	2053932.045623	-4862789.037593	2687708.714706	3106568.727237	-4862789.037593
1		26		33.9558		3557514.658313	2053932.045623	-4862789.037593	2549259.193808	3221152.736977	-4862789.037593
1		36		35.5986		3557514.658313	2053932.045623	-4862789.037593	2405930.408728	3329571.483015	-4862789.037593
1		46		37.2413		3557514.658313	2053932.045623	-4862789.037593	2257996.689753	3431617.452633	-4862789.037593
1		56		38.8840		3557514.658313	2053932.045623	-4862789.037593	2105741.180982	3527095.330562	-4862789.037593
2		6		40.5268		3557514.658313	2053932.045623	-4862789.037593	1949455.298388	3615822.372814	-4862789.037593
2		16		42.1695		3557514.658313	2053932.045623	-4862789.037593	1789438.172053	3697628.756454	-4862789.037593
2		26		43.8123		3557514.658313	2053932.045623	-4862789.037593	1625996.073631	3772357.904639	-4862789.037593
2		36		45.4550		3557514.658313	2053932.045623	-4862789.037593	1459441.830151	3839866.786304	-4862789.037593
2		46		47.0978		3557514.658313	2053932.045623	-4862789.037593	1290094.225264	3900026.189924	-4862789.037593
2		56		48.7405		3557514.658313	2053932.045623	-4862789.037593	1118277.389095	3952720.970824	-4862789.037593
3		6		50.3833		3557514.658313	2053932.045623	-4862789.037593	944320.177863	3997850.271563	-4862789.037593
3		16		52.0260		3557514.658313	2053932.045623	-4862789.037593	768555.544446	4035327.714976	-4862789.037593
3		26		53.6688		3557514.658313	2053932.045623	-4862789.037593	591319.901118	4065081.569501	-4862789.037593
3		36		55.3115		3557514.658313	2053932.045623	-4862789.037593	412952.475655	4087054.886468	-4862789.037593
3		46		56.9542		3557514.658313	2053932.045623	-4862789.037593	233794.662055	4101205.609104	-4862789.037593
3		56		58.5970		3557514.658313	2053932.045623	-4862789.037593	54189.367115	4107506.653025	-4862789.037593
4		7		0.2397		3557514.658313	2053932.045623	-4862789.037593	-125519.645892	4105945.958077	-4862789.037593
4		17		1.8825		3557514.658313	2053932.045623	-4862789.037593	-304988.415180	4096526.511419	-4862789.037593
4		27		3.5252		3557514.658313	2053932.045623	-4862789.037593	-483873.438784	4079266.341806	-4862789.037593
4		37		5.1680		3557514.658313	2053932.045623	-4862789.037593	-661832.332027	4054198.485081	-4862789.037593
4		47		6.8107		3557514.658313	2053932.045623	-4862789.037593	-838524.482854	4021370.920943	-4862789.037593
4		57		8.4535		3557514.658313	2053932.045623	-4862789.037593	-1013611.703697	3980846.481124	-4862789.037593
5		7		10.0962		3557514.658313	2053932.045623	-4862789.037593	-1186758.878861	3932702.729116	-4862789.037593
5		17		11.7390		3557514.658313	2053932.045623	-4862789.037593	-1357634.605872	3877031.811720	-4862789.037593
5		27		13.3817		3557514.658313	2053932.045623	-4862789.037593	-1525911.829787	3813940.282682	-4862789.037593
5		37		15.0244		3557514.658313	2053932.045623	-4862789.037593	-1691268.469183	3743548.898746	-4862789.037593
5		47		16.6672		3557514.658313	2053932.045623	-4862789.037593	-1853388.032614	3665992.388524	-4862789.037593
5		57		18.3099		3557514.658313	2053932.045623	-4862789.037593	-2011960.224376	3581419.194633	-4862789.037593
6		7		19.9527		3557514.658313	2053932.045623	-4862789.037593	-2166681.538406	3489991.189571	-4862789.037593
6		17		21.5954		3557514.658313	2053932.045623	-4862789.037593	-2317255.839198	3391883.365898	-4862789.037593
6		27		23.2382		3557514.658313	2053932.045623	-4862789.037593	-2463394.928599	3287283.501298	-4862789.037593
6		37		24.8809		3557514.658313	2053932.045623	-4862789.037593	-2604819.097417	3176391.799178	-4862789.037593
6		47		26.5237		3557514.658313	2053932.045623	-4862789.037593	-2741257.660787	3059420.505476	-4862789.037593
6		57		28.1664		3557514.658313	2053932.045623	-4862789.037593	-2872449.476259	2936593.502426	-4862789.037593
7		7		29.8092		3557514.658313	2053932.045623	-4862789.037593	-2998143.443619	2808145.880049	-4862789.037593
7		17		31.4519		3557514.658313	2053932.045623	-4862789.037593	-3118098.985496	2674323.486192	-4862789.037593
7		27		33.0947		3557514.658313	2053932.045623	-4862789.037593	-3232086.507828	2535382.455975	-4862789.037593
7		37		34.7374		3557514.658313	2053932.045623	-4862789.037593	-3339887.839297	2391588.721555	-4862789.037593
7		47		36.3801		3557514.658313	2053932.045623	-4862789.037593	-3441296.648912	2243217.503128	-4862789.037593
7		57		38.0229		3557514.658313	2053932.045623	-4862789.037593	-3536118.840924	2090552.782165	-4862789.037593
8		7		39.6656		3557514.658313	2053932.045623	-4862789.037593	-3624172.926324	1933886.757867	-4862789.037593
8		17		41.3084		3557514.658313	2053932.045623	-4862789.037593	-3705290.370212	1773519.287905	-4862789.037593
8		27		42.9511		3557514.658313	2053932.045623	-4862789.037593	-3779315.914369	1609757.314489	-4862789.037593
8		37		44.5939		3557514.658313	2053932.045623	-4862789.037593	-3846107.874425	1442914.276885	-4862789.037593
8		47		46.2366		3557514.658313	2053932.045623	-4862789.037593	-3905538.411037	1273309.511495	-4862789.037593
8		57		47.8794		3557514.658313	2053932.045623	-4862789.037593	-3957493.774577	1101267.640648	-4862789.037593
9		7		49.5221		3557514.658313	2053932.045623	-4862789.037593	-4001874.522842	927117.951276	-4862789.037593
9		17		51.1649		3557514.658313	2053932.045623	-4862789.037593	-4038595.711397	751193.764644	-4862789.037593
9		27		52.8076		3557514.658313	2053932.045623	-4862789.037593	-4067587.056137	573831.798441	-4862789.037593
9		37		54.4503		3557514.658313	2053932.045623	-4862789.037593	-4088793.067835	395371.522209	-4862789.037593
9		47		56.0931		3557514.658313	2053932.045623	-4862789.037593	-4102173.158336	216154.507662	-4862789.037593
9		57		57.7358		3557514.658313	2053932.045623	-4862789.037593	-4107701.718238	36523.774907	-4862789.037593
10		7		59.3786		3557514.658313	2053932.045623	-4862789.037593	-4105368.165919	-143176.864097	-4862789.037593
10		18		1.0213		3557514.658313	2053932.045623	-4862789.037593	-4095176.967779	-322603.463590	-4862789.037593
10		28		2.6641		3557514.658313	2053932.045623	-4862789.037593	-4077147.629702	-501412.602320	-4862789.037593
10		38		4.3068		3557514.658313	2053932.045623	-4862789.037593	-4051314.659713	-679262.040853	-4862789.037593
10		48		5.9496		3557514.658313	2053932.045623	-4862789.037593	-4017727.501936	-855811.376613	-4862789.037593
10		58		7.5923		3557514.658313	2053932.045623	-4862789.037593	-3976450.441954	-1030722.695413	-4862789.037593
11		8		9.2351		3557514.658313	2053932.045623	-4862789.037593	-3927562.483769	-1203661.218216	-4862789.037593
11		18		10.8778		3557514.658313	2053932.045623	-4862789.037593	-3871157.198592	-1374295.941907	-4862789.037593
11		28		12.5205		3557514.658313	2053932.045623	-4862789.037593	-3807342.545740	-1542300.272823	-4862789.037593
11		38		14.1633		3557514.658313	2053932.045623	-4862789.037593	-3736240.666012	-1707352.651854	-4862789.037593
11		48		15.8060		3557514.658313	2053932.045623	-4862789.037593	-3657987.647904	-1869137.169908	-4862789.037593
11		58		17.4488		3557514.658313	2053932.045623	-4862789.037593	-3572733.267145	-2027344.172554	-4862789.037593
12		8		19.0915		3557514.658313	2053932.045623	-4862789.037593	-3480640.700019	-2181670.852701	-4862789.037593
12		18		20.7343		3557514.658313	2053932.045623	-4862789.037593	-3381886.211053	-2331821.830167	-4862789.037593
12		28		22.3770		3557514.658313	2053932.045623	-4862789.037593	-3276658.815644	-2477509.717037	-4862789.037593