Time(sec)	lon(deg)	lon(min)	lon(sec)	lat(deg)	lat(min)	lat(sec)	H(m)
0	53	42	58.611950	-49	34	40.303947	20003076.075363
300	55	45	5.398723	-48	14	16.710633	19998597.958884
600	57	36	52.086476	-46	48	31.354650	19994486.132295
900	59	18	45.326327	-45	17	55.857748	19990748.813848
1200	60	51	17.269864	-43	42	59.517041	19987393.479898
1500	62	15	3.335977	-42	4	9.208349	19984426.848028
1800	63	30	40.475063	-40	21	49.405410	19981854.861859
2100	64	38	45.879124	-38	36	22.277464	19979682.677565
2400	65	39	56.067100	-36	48	7.835509	19977914.652154
2700	66	34	46.271413	-34	57	24.104953	19976554.333541
3000	67	23	50.057318	-33	4	27.308813	19975604.452456
3300	68	7	39.116340	-31	9	32.050741	19975066.916207
3600	68	46	43.185969	-29	12	51.491040	19974942.804317
3900	69	21	30.058044	-27	14	37.511717	19975232.366056
4200	69	52	25.647230	-25	15	0.868557	19975935.019871
4500	70	19	54.098369	-23	14	11.329573	19977049.354714
4800	70	44	17.917332	-21	12	17.800069	19978573.133274
5100	71	5	58.114547	-19	9	28.435031	19980503.297084
5400	71	25	14.353742	-17	5	50.739929	19982835.973513
5700	71	42	25.101013	-15	1	31.661082	19985566.484585
6000	71	57	47.771140	-12	56	37.666847	19988689.357636
6300	72	11	38.869415	-10	51	14.820835	19992198.337737
6600	72	24	14.128171	-8	45	28.848321	19996086.401872
6900	72	35	48.637886	-6	39	25.196946	20000345.774806
7200	72	46	36.973153	-4	33	9.092749	20004967.946601
7500	72	56	53.314128	-2	26	45.592473	20009943.691730
7800	73	6	51.564276	0	-20	19.633068	20015263.089712
8100	73	16	45.465356	1	46	3.920771	20020915.547223
8400	73	26	48.710630	3	52	20.230204	20026889.821602
8700	73	37	15.057373	5	58	24.436192	20033174.045684
9000	73	48	18.439687	8	4	11.613005	20039755.753892
9300	74	0	13.082659	10	9	36.720491	20046621.909501
9600	74	13	13.618779	12	14	34.554307	20053758.932996
9900	74	27	35.207454	14	18	59.693276	20061152.731455
10200	74	43	33.658274	16	22	46.442980	20068788.728849
10500	75	1	25.558426	18	25	48.774673	20076651.897206
10800	75	21	28.404279	20	28	0.258523	20084726.788523
11100	75	44	0.736647	22	29	13.990164	20092997.567367
11400	76	9	22.278457	24	29	22.509461	20101448.044055
11700	76	37	54.072515	26	28	17.710423	20110061.708352
12000	77	9	58.615590	28	25	50.741161	20118821.763580
12300	77	45	59.983062	30	21	51.892954	20127711.161071
12600	78	26	23.935671	32	16	10.477639	20136712.634868
12900	79	11	37.996402	34	8	34.692969	20145808.736608
13200	80	2	11.480876	35	58	51.476190	20154981.870483
13500	80	58	35.458847	37	46	46.347094	20164214.328236
13800	82	1	22.617197	39	32	3.243264	20173488.324082
14100	83	11	6.986475	41	14	24.352374	20182786.029501
14400	84	28	23.483846	42	53	29.949296	20192089.607830
14700	85	53	47.216392	44	28	58.249735	20201381.248581
15000	87	27	52.481995	46	0	25.297028	20210643.201419
15300	89	11	11.403782	47	27	24.904788	20219857.809746
15600	91	4	12.143140	48	49	28.684592	20229007.543823
15900	93	7	16.662046	50	6	6.194312	20238075.033378
16200	95	20	38.055056	51	16	45.247070	20247043.099641
16500	97	44	17.550352	52	20	52.421066	20255894.786764
16800	100	18	1.388368	53	17	53.803250	20264613.392571
17100	103	1	17.915001	54	7	15.982013	20273182.498596
17400	105	53	15.348092	54	48	27.273551	20281585.999369
17700	108	52	40.747211	55	20	59.124379	20289808.130907
18000	111	58	0.685846	55	44	27.584454	20297833.498378
18300	115	7	23.951841	55	58	34.702804	20305647.102901
18600	118	18	46.285770	56	3	9.675083	20313234.367460
18900	121	29	56.767687	55	58	9.582925	20320581.161883
19200	124	38	45.093171	55	43	39.612877	20327673.826893
19500	127	43	8.765413	55	19	52.719746	20334499.197173
19800	130	41	19.250754	54	47	8.785991	20341044.623447
20100	133	31	46.392603	54	5	53.401588	20347297.993551
20400	136	13	20.762296	53	16	36.429945	20353247.752474
20700	138	45	14.017579	52	19	50.528901	20358882.921358
21000	141	6	57.634060	51	16	9.768343	20364193.115436
21300	143	18	20.523080	50	6	8.441042	20369168.560906
21600	145	19	26.059820	48	50	20.115441	20373800.110728
21900	147	10	28.962146	47	29	16.938654	20378079.259320
22200	148	51	52.335295	46	3	29.169766	20381998.156169
22500	150	24	5.070865	44	33	24.907851	20385549.618329
22800	151	47	39.684144	42	59	29.973614	20388727.141817
23100	153	3	10.599880	41	22	7.904832	20391524.911880
23400	154	11	12.851466	39	41	40.030878	20393937.812154
23700	155	12	21.136082	37	58	25.598112	20395961.432694
24000	156	7	9.161374	36	12	41.924573	20397592.076875
24300	156	56	9.221771	34	24	44.568250	20398826.767166
24600	157	39	51.949749	32	34	47.498023	20399663.249770
24900	158	18	46.196468	30	43	3.260114	20400099.998134
25200	158	53	19.005259	28	49	43.135690	20400136.215322
25500	159	23	55.649658	26	54	57.287230	20399771.835251
25800	159	50	59.714588	24	58	54.892652	20399007.522797
26100	160	14	53.204934	23	1	44.267110	20397844.672758
26400	160	35	56.670147	21	3	32.972949	20396285.407691
26700	160	54	29.336909	19	4	27.918646	20394332.574605
27000	161	10	49.244449	17	4	35.447746	20391989.740523
27300	161	25	13.378965	15	4	1.418876	20389261.186921
27600	161	37	57.805015	13	2	51.277941	20386151.903021
27900	161	49	17.792715	11	1	10.123552	20382667.577968
28200	161	59	27.940291	8	59	2.766715	20378814.591879
28500	162	8	42.292048	6	56	33.785717	20374600.005772
28800	162	17	14.452145	4	53	47.577118	20370031.550374
29100	162	25	17.694809	2	50	48.403678	20365117.613820
29400	162	33	5.071796	0	47	40.440002	20359867.228250
29700	162	40	49.517981	-1	15	32.183317	20354290.055301
30000	162	48	43.956057	-3	18	45.336353	20348396.370508
30300	162	57	1.401357	-5	21	54.846562	20342197.046632
30600	163	5	55.067794	-7	24	56.454850	20335703.535906
30900	163	15	38.475961	-9	27	45.770246	20328927.851229
31200	163	26	25.564358	-11	30	18.222427	20321882.546309
31500	163	38	30.804663	-13	32	29.011295	20314580.694782
31800	163	52	9.321854	-15	34	13.052741	20307035.868311
32100	164	7	37.019797	-17	35	24.919686	20299262.113692
32400	164	25	10.712671	-19	35	58.777408	20291273.928988
32700	164	45	8.262145	-21	35	48.312085	20283086.238708
33000	165	7	48.719685	-23	34	46.651412	20274714.368064
33300	165	33	32.472457	-25	32	46.276096	20266174.016332
33600	166	2	41.390119	-27	29	38.920971	20257481.229333
33900	166	35	38.968068	-29	25	15.464542	20248652.371099
34200	167	12	50.460398	-31	19	25.805811	20239704.094721
34500	167	54	42.992641	-33	11	58.727539	20230653.312445
34800	168	41	45.640157	-35	2	41.745507	20221517.165051
35100	169	34	29.452533	-36	51	20.944138	20212312.990546
35400	170	33	27.397383	-38	37	40.800004	20203058.292242
35700	171	39	14.188338	-40	21	23.996563	20193770.706242
36000	172	52	25.952063	-42	2	11.236087	20184467.968407
36300	174	13	39.678263	-43	39	41.058314	20175167.880859
36600	175	43	32.386450	-45	13	29.680233	20165888.278060
36900	177	22	39.936227	-46	43	10.877507	20156646.992557
37200	179	11	35.408394	-48	8	15.935340	20147461.820432
37500	-178	49	13.001324	-49	28	13.704478	20138350.486540
37800	-176	39	24.597651	-50	42	30.805277	20129330.609606
38100	-174	18	49.264718	-51	50	32.027114	20120419.667240
38400	-171	47	30.859576	-52	51	40.968741	20111634.960959
38700	-169	5	50.633951	-53	45	20.953370	20102993.581287
39000	-166	14	30.245415	-54	30	56.226668	20094512.373016
39300	-163	14	33.790725	-55	7	53.404860	20086207.900698
39600	-160	7	28.248340	-55	35	43.086683	20078096.414473
39900	-156	55	1.815529	-55	54	1.486797	20070193.816286
40200	-153	39	19.901655	-56	2	31.905154	20062515.626611
40500	-150	22	38.964921	-56	1	5.834904	20055076.951735
40800	-147	7	18.850680	-55	49	43.542882	20047892.451716
41100	-143	55	34.652823	-55	28	34.030690	20040976.309082
41400	-140	49	29.240939	-54	57	54.383742	20034342.198360
41700	-137	50	47.427470	-54	18	8.612797	20028003.256531
42000	-135	0	52.356605	-53	29	46.160846	20021972.054473
42300	-132	20	44.223382	-52	33	20.272923	20016260.569495
42600	-129	51	1.025700	-51	29	26.409012	20010880.159028
42900	-127	32	0.805875	-50	18	40.834271	20005841.535563
43200	-125	23	44.767859	-49	1	39.464476	20001154.742891
43500	-123	26	0.720559	-47	38	56.992809	19996829.133743
43800	-121	38	26.433828	-46	11	6.285547	19992873.348876
44100	-120	0	32.645844	-44	38	38.010880	19989295.297686
44400	-118	31	45.592896	-43	2	0.455029	19986102.140395
44700	-117	11	29.029908	-41	21	39.479201	19983300.271883
45000	-115	59	5.771481	-39	37	58.575779	19980895.307201
45300	-114	53	58.815420	-37	51	18.989476	19978892.068823
45600	-113	55	32.122306	-36	1	59.876977	19977294.575675
45900	-113	3	11.123520	-34	10	18.485610	19976106.033974
46200	-112	16	23.022402	-32	16	30.337531	19975328.829911
46500	-111	34	36.942671	-30	20	49.410455	19974964.524195
46800	-110	57	23.967529	-28	23	28.309431	19975013.848485
47100	-110	24	17.103063	-26	24	38.426603	19975476.703716
47400	-109	54	51.191264	-24	24	30.087593	19976352.160326
47700	-109	28	42.791238	-22	23	12.684280	19977638.460382
48000	-109	5	30.041938	-20	20	54.794434	19979333.021601
48300	-108	44	52.515709	-18	17	44.289111	19981432.443249
48600	-108	26	31.068931	-16	13	48.428930	19983932.513899
48900	-108	10	7.693818	-14	9	13.950445	19986828.221032
49200	-107	55	25.373833	-12	4	7.143842	19990113.762429
49500	-107	42	7.944028	-9	58	33.923163	19993782.559344
49800	-107	29	59.956797	-7	52	39.890198	19997827.271389
50100	-107	18	46.552988	-5	46	30.393102	20002239.813104
50400	-107	8	13.337916	-3	40	10.580756	20007011.372151
50700	-106	58	6.261568	-1	33	45.453791	20012132.429067
51000	-106	48	11.502143	0	32	40.086838	20017592.778530
51300	-106	38	15.351930	2	39	1.192884	20023381.552065
51600	-106	28	4.104521	4	45	13.022655	20029487.242110
51900	-106	17	23.942304	6	51	10.694866	20035897.727392
52200	-106	6	0.823195	8	56	49.241729	20042600.299514
52500	-105	53	40.365652	11	2	3.560465	20049581.690694
52800	-105	40	7.731047	13	6	48.362436	20056828.102555
53100	-105	25	7.502642	15	10	58.119032	20064325.235908
53400	-105	8	23.560624	17	14	27.003420	20072058.321424
53700	-104	49	38.952911	19	17	8.827201	20080012.151122
54000	-104	28	35.761929	21	18	56.970974	20088171.110576
54300	-104	4	54.968133	23	19	44.307761	20096519.211775
54600	-103	38	16.311948	25	19	23.118190	20105040.126529
54900	-103	8	18.156979	27	17	44.996363	20113717.220346
55200	-102	34	37.359048	29	14	40.745358	20122533.586700
55500	-101	56	49.147838	31	10	0.261469	20131472.081595
55800	-101	14	27.030966	33	3	32.406579	20140515.358354
56100	-100	27	2.734260	34	55	4.868487	20149645.902542
56400	-99	34	6.197138	36	44	24.009857	20158846.066954
56700	-98	35	5.648346	38	31	14.707559	20168098.106586
57000	-97	29	27.795027	40	15	20.185940	20177384.213511
57300	-96	16	38.166873	41	56	21.849990	20186686.551601
57600	-94	56	1.666350	43	33	59.127693	20195987.291005
57900	-93	27	3.384294	45	7	49.335215	20205268.642336
58200	-91	49	9.745069	46	37	27.583979	20214512.890493
58500	-90	1	50.043125	48	2	26.755023	20223702.428057
58800	-88	4	38.417593	49	22	17.572611	20232819.788200
59100	-85	57	16.276674	50	36	28.814884	20241847.677066
59400	-83	39	35.122145	51	44	27.702346	20250769.005550
59700	-81	11	39.632173	52	45	40.502455	20259566.920444
60000	-78	33	50.741333	53	39	33.377301	20268224.834893
60300	-75	46	48.326802	54	25	33.478332	20276726.458125
60600	-72	51	33.003075	55	3	10.256288	20285055.824405
60900	-69	49	26.492777	55	31	56.908904	20293197.321184
61200	-66	42	10.128558	55	51	31.841486	20301135.716409
61500	-63	31	41.277350	56	1	39.979562	20308856.184948
61800	-60	20	7.840126	56	2	13.762874	20316344.334122
62100	-57	9	41.382841	55	53	13.676274	20323586.228296
62400	-54	2	29.772575	55	34	48.234991	20330568.412514
62700	-51	0	30.313794	55	7	13.425668	20337277.935164
63000	-48	5	24.257463	54	30	51.688285	20343702.369628
63300	-45	18	33.236639	53	46	10.585143	20349829.834932
63600	-42	40	57.779489	52	53	41.328375	20355649.015343
63900	-40	13	17.689368	51	53	57.326591	20361149.178934
64200	-37	55	53.846044	50	47	32.874559	20366320.195072
64500	-35	48	50.895583	49	35	2.062113	20371152.550843
64800	-33	52	0.331648	48	16	57.932759	20375637.366391
65100	-32	5	3.577884	46	53	51.886809	20379766.409156
65400	-30	27	34.810970	45	26	13.301154	20383532.107022
65700	-28	59	3.383141	43	54	29.326732	20386927.560352
66000	-27	38	55.794890	42	19	4.822485	20389946.552914
66300	-26	26	37.229900	40	40	22.387825	20392583.561681
66600	-25	21	32.698960	38	58	42.461517	20394833.765518
66900	-24	23	7.854755	37	14	23.461624	20396693.052740
67200	-23	30	49.541725	35	27	41.947504	20398158.027541
67500	-22	44	6.140265	33	38	52.790287	20399226.015291
67800	-22	2	27.756208	31	48	9.342622	20399895.066703
68100	-21	25	26.297316	29	55	43.601826	20400163.960869
68400	-20	52	35.469718	28	1	46.362968	20400032.207151
68700	-20	23	30.719537	26	6	27.360172	20399500.045950
69000	-19	57	49.138586	24	9	55.395541	20398568.448329
69300	-19	35	9.347903	22	12	18.455910	20397239.114502
69600	-19	15	11.368966	20	13	43.818067	20395514.471196
69900	-18	57	36.489379	18	14	18.143372	20393397.667867
70200	-18	42	7.127584	16	14	7.562821	20390892.571792
70500	-18	28	26.699522	14	13	17.753644	20388003.762025
70800	-18	16	19.488899	12	11	54.008543	20384736.522224
71100	-18	5	30.521915	10	10	1.298591	20381096.832357
71400	-17	55	45.446664	8	7	44.330798	20377091.359275
71700	-17	46	50.416987	6	5	7.601255	20372727.446175
72000	-17	38	31.980277	4	2	15.444746	20368013.100942
72300	-17	30	36.968522	1	59	12.081619	20362956.983384
72600	-17	22	52.391747	0	-3	58.337279	20357568.391364
72900	-17	15	5.332912	-2	7	11.686894	20351857.245837
73200	-17	7	2.843289	-4	10	23.824724	20345834.074797
73500	-16	58	31.837297	-6	13	30.547353	20339509.996151
73800	-16	49	18.985775	-8	16	27.546025	20332896.699522
74100	-16	39	10.606690	-10	19	10.360513	20326006.427003
74400	-16	27	52.552320	-12	21	34.330508	20318851.952864
74700	-16	15	10.092042	-14	23	34.543700	20311446.562246
75000	-16	0	47.789973	-16	25	5.779687	20303804.028840
75300	-15	44	29.376968	-18	26	2.448736	20295938.591579
75600	-15	25	57.616742	-20	26	18.524409	20287864.930376
75900	-15	4	54.166419	-22	25	47.468919	20279598.140908
76200	-14	40	59.432478	-24	24	22.150078	20271153.708494
76500	-14	13	52.424057	-26	21	54.748587	20262547.481085
76800	-13	43	10.606992	-28	18	16.654450	20253795.641399
77100	-13	8	29.763900	-30	13	18.351307	20244914.678239
77400	-12	29	23.868272	-32	6	49.287664	20235921.357020
77700	-11	45	24.984127	-33	58	37.734298	20226832.689562
78000	-10	56	3.207497	-35	48	30.627702	20217665.903174
78300	-10	0	46.672123	-37	36	13.400353	20208438.409083
78600	-8	59	1.649368	-39	21	29.800006	20199167.770256
78900	-7	50	12.781593	-41	4	1.702345	20189871.668668
79200	-6	33	43.498675	-42	43	28.924323	20180567.872062
79500	-5	8	56.678159	-44	19	29.049592	20171274.200265
79800	-3	35	15.618814	-45	51	37.282852	20162008.491127
80100	-1	52	5.401856	-47	19	26.356552	20152788.566126
80400	0	1	5.291426	-48	42	26.521031	20143632.195727
80700	2	4	41.859530	-50	0	5.657024	20134557.064550
81000	4	19	0.960379	-51	11	49.555774	20125580.736421
81300	6	44	7.275101	-52	17	2.414315	20116720.619385
81600	9	19	50.059063	-53	15	7.588000	20107993.930749
81900	12	5	39.830290	-54	5	28.625215	20099417.662239
82200	15	0	45.693935	-54	47	30.577079	20091008.545350
82500	18	3	53.903008	-55	20	41.528061	20082783.016966
82800	21	13	28.247646	-55	44	34.237245	20074757.185345
83100	24	27	32.693466	-55	58	47.727131	20066946.796532
83400	27	43	56.342802	-56	3	8.624754	20059367.201314
83700	31	0	20.331368	-55	57	32.065278	20052033.322771
84000	34	14	25.827787	-55	42	2.018597	20044959.624538
84300	37	24	2.028894	-55	16	50.986967	20038160.079839
84600	40	27	13.044790	-54	42	19.123747	20031648.141394
84900	43	22	22.843919	-53	58	52.911119	20025436.712280
85200	46	8	17.874236	-53	7	3.585611	20019538.117819
85500	48	44	7.437356	-52	7	25.506239	20013964.078593
85800	51	9	22.238152	-51	0	34.628608	20008725.684639
86100	53	23	51.702688	-49	47	7.195856	20003833.370931
86400	55	27	40.664284	-48	27	38.701431	19999296.894198
86700	57	21	5.915379	-47	2	43.131810	19995125.311160
87000	59	4	32.974202	-45	32	52.465111	19991326.958246
87300	60	38	33.268365	-43	58	36.384216	19987909.432860
87600	62	3	41.819015	-42	20	22.157395	19984879.576255
87900	63	20	35.427368	-40	38	34.641531	19982243.458056
88200	64	29	51.317281	-38	53	36.369260	19980006.362505
88500	65	32	6.165020	-37	5	47.689061	19978172.776447
88800	66	27	55.441990	-35	15	26.934864	19976746.379119
89100	67	17	53.000730	-33	22	50.608394	19975730.033751
89400	68	2	30.843746	-31	28	13.562772	19975125.781036
89700	68	42	19.025607	-29	31	49.180002	19974934.834456
90000	69	17	45.649155	-27	33	49.537968	19975157.577513
90300	69	49	16.925881	-25	34	25.564678	19975793.562846
90600	70	17	17.278174	-23	33	47.178926	19976841.513260
90900	70	42	9.467219	-21	32	3.417465	19978299.324642
91200	71	4	14.735048	-19	29	22.549394	19980164.070774
91500	71	23	52.952841	-17	25	52.178741	19982432.010018
91800	71	41	22.770182	-15	21	39.336443	19985098.593842
92100	71	57	1.761973	-13	16	50.562926	19988158.477181
92400	72	11	6.571058	-11	11	31.982531	19991605.530582
92700	72	23	53.045635	-9	5	49.370950	19995432.854094
93000	72	35	36.371226	-6	59	48.216775	19999632.792873
93300	72	46	31.197437	-4	53	33.778219	20004196.954433
93600	72	56	51.760090	-2	47	11.135961	20009116.227503
93900	73	6	51.999508	0	-40	45.243046	20014380.802425
94200	73	16	45.675873	1	25	39.027321	20019980.193029
94500	73	26	46.482657	3	31	56.835241	20025903.259917
94800	73	37	8.159171	5	38	3.328067	20032138.235088
95100	73	48	4.603264	7	43	53.594036	20038672.747834
95400	73	59	49.985192	9	49	22.614787	20045493.851814
95700	74	12	38.863619	11	54	25.215988	20052588.053248
96000	74	26	46.304573	13	58	56.015206	20059941.340133
96300	74	42	28.004078	16	2	49.366172	20067539.212407
96600	75	0	0.414881	18	5	59.298518	20075366.712972
96900	75	19	40.877379	20	8	19.452001	20083408.459501
97200	75	41	47.754357	22	9	43.004208	20091648.676920
97500	76	6	40.568384	24	10	2.590657	20100071.230514
97800	76	34	40.139780	26	9	10.216207	20108659.659537
98100	77	6	8.721625	28	6	57.156701	20117397.211267
98400	77	41	30.126422	30	3	13.849845	20126266.875404
98700	78	21	9.836450	31	57	49.774525	20135251.418739
99000	79	5	35.086455	33	50	33.318112	20144333.420011
99300	79	55	14.902913	35	41	11.631887	20153495.304867
99600	80	50	40.078451	37	29	30.475656	20162719.380849
99900	81	52	23.053099	39	15	14.053995	20171987.872336
100200	83	0	57.665824	40	58	4.848582	20181282.955365
100500	84	16	58.730717	42	37	43.453858	20190586.792256
100800	85	41	1.383129	44	13	48.426996	20199881.565980
101100	87	13	40.133823	45	45	56.167987	20209149.514197
101400	88	55	27.566743	47	13	40.851446	20218372.962911
101700	90	46	52.623024	48	36	34.438314	20227534.359661
102000	92	48	18.436401	49	54	6.802058	20236616.306226
102300	94	59	59.730441	51	5	46.008891	20245601.590750
102600	97	21	59.862124	52	10	58.792603	20254473.219268
102900	99	54	7.700893	53	9	11.258815	20263214.446564
103200	102	35	54.658970	53	59	49.837517	20271808.806330
103500	105	26	32.314075	54	42	22.474350	20280240.140576
103800	108	24	51.148593	55	16	20.010551	20288492.628249
104100	111	29	20.918262	55	41	17.653739	20296550.813036
104400	114	38	13.014473	55	56	56.397377	20304399.630306
104700	117	49	24.888982	56	3	4.219981	20312024.433163
105000	121	0	46.217326	55	59	36.899715	20319411.017589
105300	124	10	6.094089	55	46	38.322042	20326545.646635
105600	127	15	20.306638	55	24	20.231575	20333415.073655
105900	130	14	37.714644	54	53	1.466052	20340006.564545
106200	133	6	24.978000	54	13	6.786929	20346307.918975
106500	135	49	29.245761	53	25	5.468072	20352307.490603
106800	138	22	58.817831	52	29	29.813416	20357994.206238
107100	140	46	22.106587	51	26	53.751146	20363357.583958
107400	142	59	25.398045	50	17	51.608807	20368387.750151
107700	145	2	9.942475	49	2	57.125513	20373075.455486
108000	146	54	48.832542	47	42	42.715293	20377412.089793
108300	148	37	44.005304	46	17	38.965320	20381389.695845
108600	150	11	23.575876	44	48	14.335202	20385000.982039
108900	151	36	19.601694	43	14	55.016595	20388239.333966
109200	152	53	6.297322	41	38	4.912776	20391098.824868
109500	154	2	18.670382	39	58	5.702473	20393574.224971
109800	155	4	31.523493	38	15	16.958665	20395661.009697
110100	156	0	18.758195	36	29	56.299752	20397355.366752
110400	156	50	12.918085	34	42	19.556479	20398654.202077
110700	157	34	44.915146	32	52	40.943016	20399555.144677
111000	158	14	23.892192	31	1	13.224497	20400056.550310
111300	158	49	37.183467	29	8	7.876256	20400157.504042
111600	159	20	50.343864	27	13	35.232105	20399857.821671
111900	159	48	27.224341	25	17	44.620465	20399158.050015
112200	160	12	50.076935	23	20	44.488136	20398059.466058
112500	160	34	19.677395	21	22	42.512114	20396564.074967
112800	160	53	15.456975	19	23	45.700246	20394674.606974
113100	161	9	55.637597	17	24	0.481711	20392394.513119
113400	161	24	37.366598	15	23	32.788403	20389727.959870
113700	161	37	36.848709	13	22	28.128312	20386679.822599
114000	161	49	9.473979	11	20	51.651979	20383255.677944
114300	161	59	29.941081	9	18	48.213044	20379461.795038
114600	162	8	52.376008	7	16	22.423851	20375305.125613
114900	162	17	30.446481	5	13	38.707003	20370793.292997
115200	162	25	37.472695	3	10	41.343735	20365934.579990
115500	162	33	26.535160	1	7	34.519875	20360737.915635
115800	162	41	10.580531	0	-55	37.629821	20355212.860889
116100	162	49	2.526387	-2	58	50.978243	20349369.593204
116400	162	57	15.365958	-5	2	1.362685	20343218.890022
116700	163	6	2.273820	-7	5	4.541059	20336772.111199
117000	163	15	36.713577	-9	7	56.146851	20330041.180364
117300	163	26	12.548518	-11	10	31.642044	20323038.565238
117600	163	38	4.156176	-13	12	46.267227	20315777.256909
117900	163	51	26.547619	-15	14	34.988037	20308270.748100
118200	164	6	35.492124	-17	15	52.437024	20300533.010432
118500	164	23	47.647647	-19	16	32.849977	20292578.470714
118800	164	43	20.697101	-21	16	29.995637	20284421.986276
119100	165	5	33.489905	-23	15	37.097671	20276078.819370
119400	165	30	46.187458	-25	13	46.747729	20267564.610675
119700	165	59	20.410030	-27	10	50.808319	20258895.351922
120000	166	31	39.380977	-29	6	40.304297	20250087.357683
120300	167	8	8.061932	-31	1	5.301819	20241157.236352
120600	167	49	13.269648	-32	53	54.773835	20232121.860360
120900	168	35	23.761107	-34	44	56.451618	20222998.335667
121200	169	27	10.268242	-36	33	56.662518	20213803.970561
121500	170	25	5.456899	-38	20	40.155256	20204556.243832
121800	171	29	43.776324	-40	4	49.915759	20195272.772353
122100	172	41	41.155692	-41	46	6.978999	20185971.278127
122400	174	1	34.493419	-43	24	10.245727	20176669.554855
122700	175	30	0.874528	-44	58	36.317631	20167385.434087
123000	177	7	36.443599	-46	28	59.370353	20158136.751013
123300	178	54	54.859761	-47	54	51.090920	20148941.309955
123600	-179	7	34.728089	-49	15	40.714029	20139816.849638
123900	-176	59	30.215293	-50	30	55.199043	20130781.008303
124200	-174	40	39.552425	-51	39	59.594612	20121851.288730
124500	-172	11	4.103446	-52	42	17.637348	20113045.023252
124800	-169	31	2.088644	-53	37	12.621114	20104379.338843
125100	-166	41	11.697859	-54	24	8.550276	20095871.122339
125400	-163	42	33.323568	-55	2	31.551733	20087536.985897
125700	-160	36	30.299948	-55	31	51.468638	20079393.232754
126000	-157	24	47.605682	-55	51	43.502057	20071455.823380
126300	-154	9	28.235672	-56	1	49.720388	20063740.342113
126600	-150	52	47.353527	-56	2	0.238295	20056261.964350
126900	-147	37	4.809948	-55	52	13.891002	20049035.424386
127200	-144	24	37.003417	-55	32	38.297695	20042074.983987
127500	-141	17	29.226092	-55	3	29.304686	20035394.401785
127800	-138	17	29.514472	-54	25	9.898546	20029006.903571
128100	-135	26	4.659701	-53	38	8.753766	20022925.153577
128400	-132	44	18.561315	-52	42	58.611620	20017161.226826
128700	-130	12	52.683362	-51	40	14.675601	20011726.582635
129000	-127	52	8.096957	-50	30	33.166228	20006632.039338
129300	-125	42	8.496133	-49	14	30.122261	20001887.750320
129600	-123	42	43.620483	-47	52	40.482050	19997503.181419
129900	-121	53	32.646846	-46	25	37.437768	19993487.089780
130200	-120	14	7.264823	-44	53	52.029537	19989847.504209
130500	-118	43	54.287975	-43	17	52.934502	19986591.707112
130800	-117	22	17.755821	-41	38	6.404014	19983726.218047
131100	-116	8	40.548705	-39	54	56.306321	19981256.778971
131400	-115	2	25.573913	-38	8	44.239216	19979188.341202
131700	-114	2	56.595770	-36	19	49.684947	19977525.054163
132000	-113	9	38.782911	-34	28	30.186875	19976270.255923
132300	-112	21	59.038904	-32	35	1.533473	19975426.465581
132600	-111	39	26.172133	-30	39	37.940071	19974995.377507
132900	-111	1	30.950050	-28	42	32.222337	19974977.857471
133200	-110	27	46.072892	-26	43	55.958107	19975373.940663
133500	-109	57	46.093423	-24	43	59.635973	19976182.831606
133800	-109	31	7.302261	-22	42	52.790237	19977402.905984
134100	-109	7	27.592874	-20	40	44.122621	19979031.714351
134400	-108	46	26.316119	-18	37	41.611565	19981065.987730
134700	-108	27	44.131020	-16	33	52.610220	19983501.645076
135000	-108	11	2.856187	-14	29	23.934336	19986333.802573
135300	-107	56	5.324526	-12	24	21.941280	19989556.784748
135600	-107	42	35.242737	-10	18	52.601385	19993164.137351
135900	-107	30	17.056180	-8	13	1.562796	19997148.641973
136200	-107	18	55.819149	-6	6	54.210865	20001502.332344
136500	-107	8	17.070128	-4	0	35.723137	20006216.512267
136800	-106	58	6.711383	-1	54	11.120850	20011281.775126
137100	-106	48	10.892017	0	12	14.682148	20016688.024912
137400	-106	38	15.893548	2	18	36.832233	20022424.498697
137700	-106	28	8.016975	4	24	50.489770	20028479.790491
138000	-106	17	33.470290	6	30	50.783020	20034841.876406
138300	-106	6	18.255410	8	36	32.761403	20041498.141057
138600	-105	54	8.053526	10	41	51.347322	20048435.405115
138900	-105	40	48.107958	12	46	41.285740	20055639.953939
139200	-105	26	3.103732	14	50	57.090643	20063097.567201
139500	-105	9	37.043265	16	54	32.987525	20070793.549418
139800	-104	51	13.117866	18	57	22.850937	20078712.761316
140100	-104	30	33.575129	20	59	20.136099	20086839.651930
140400	-104	7	19.582888	23	0	17.803558	20095158.291358
140700	-103	41	11.091258	25	0	8.235772	20103652.404088
141000	-103	11	46.695388	26	58	43.144556	20112305.402806
141300	-102	38	43.503154	28	55	53.468328	20121100.422603
141600	-102	1	37.014201	30	51	29.258220	20130020.355499
141900	-101	20	1.019568	32	45	19.552386	20139047.885201
142200	-100	33	27.534988	34	37	12.238268	20148165.522009
142500	-99	41	26.785837	36	26	53.903291	20157355.637800
142800	-98	43	27.267873	38	14	9.675571	20166600.501005
143100	-97	38	55.915403	39	58	43.057839	20175882.311507
143400	-96	27	18.417170	41	40	15.760092	20185183.235391
143700	-95	7	59.729460	43	18	27.539665	20194485.439469
144000	-93	40	24.844533	44	52	56.061587	20203771.125514
144300	-92	3	59.878173	46	23	16.797350	20213022.564151
144600	-90	18	13.539241	47	49	2.986396	20222222.128317
144900	-88	22	39.031509	49	9	45.691268	20231352.326265
145200	-86	16	56.406762	50	24	53.983379	20240395.834022
145500	-84	0	55.331478	51	33	55.300025	20249335.527275
145800	-81	34	38.142212	52	36	16.011805	20258154.512622
146100	-78	58	22.949197	53	31	22.229998	20266836.158140
146400	-76	12	46.417677	54	18	40.862442	20275364.123237
146700	-73	18	45.743028	54	57	40.892677	20283722.387735
147000	-70	17	39.285826	55	27	54.812652	20291895.280150
147300	-67	11	5.397813	55	49	0.091422	20299867.505139
147600	-64	0	59.182031	56	0	40.523405	20307624.170072
147900	-60	49	27.276111	56	2	47.284790	20315150.810710
148200	-57	38	41.151613	55	55	19.546842	20322433.415945
148500	-54	30	49.762986	55	38	24.551551	20329458.451602
148800	-51	27	52.537873	55	12	17.136861	20336212.883248
149100	-48	31	33.616855	54	37	18.784077	20342684.198021
149400	-45	43	17.956905	53	53	56.325993	20348860.425431
149700	-43	4	9.514756	53	2	40.485719	20354730.157138
150000	-40	34	51.351177	52	4	4.410659	20360282.565675
150300	-38	15	47.238074	50	58	42.332642	20365507.422122
150600	-36	7	4.240553	49	47	8.438246	20370395.112692
150900	-34	8	35.764716	48	29	55.986618	20374936.654254
151200	-32	20	4.660919	47	7	36.674555	20379123.708747
151500	-30	41	6.101137	45	40	40.223744	20382948.596504
151800	-29	11	10.071563	44	9	34.152333	20386404.308469
152100	-27	49	43.418438	42	34	43.689540	20389484.517300
152400	-26	36	11.451170	40	56	31.794548	20392183.587351
152700	-25	29	59.145446	39	15	19.246549	20394496.583545
153000	-24	30	32.006805	37	31	24.779505	20396419.279108
153300	-23	37	16.659091	35	45	5.241625	20397948.162179
153600	-22	49	41.218201	33	56	35.765198	20399080.441300
153900	-22	7	15.503486	32	6	9.936936	20399814.049757
154200	-21	29	31.130058	30	13	59.962472	20400147.648800
154500	-20	56	1.516263	28	20	16.821230	20400080.629723
154800	-20	26	21.832733	26	25	10.409689	20399613.114809
155100	-20	0	8.912831	24	28	49.672316	20398745.957142
155400	-19	37	1.139019	22	31	22.720247	20397480.739279
155700	-19	16	38.315528	20	32	56.938318	20395819.770792
156000	-18	58	41.534573	18	33	39.081322	20393766.084670
156300	-18	42	53.041002	16	33	35.360547	20391323.432593
156600	-18	28	56.098485	14	32	51.521668	20388496.279070
156900	-18	16	34.859132	12	31	32.915101	20385289.794452
157200	-18	5	34.237472	10	29	44.559855	20381709.846814
157500	-17	55	39.789098	8	27	31.201900	20377762.992714
157800	-17	46	37.593836	6	24	57.367962	20373456.466832
158100	-17	38	14.142947	4	22	7.415648	20368798.170498
158400	-17	30	16.229707	2	19	5.580714	20363796.659100
158700	-17	22	30.842522	0	15	56.022248	20358461.128397
159000	-17	14	45.059655	-1	47	17.133458	20352801.399732
159300	-17	6	45.944593	-3	50	29.749652	20346827.904152
159600	-16	58	20.441044	-5	53	37.635734	20340551.665459
159900	-16	49	15.266522	-7	56	36.503040	20333984.282180
160200	-16	39	16.803547	-9	59	21.919031	20327137.908494
160500	-16	28	10.987450	-12	1	49.259145	20320025.234107
160800	-16	15	43.189930	-14	3	53.655468	20312659.463103
161100	-16	1	38.097572	-16	5	29.941374	20305054.291792
161400	-15	45	39.584770	-18	6	32.591193	20297223.885560
161700	-15	27	30.580804	-20	6	55.653895	20289182.854753
162000	-15	6	52.931244	-22	6	32.679702	20280946.229621
162300	-14	43	27.254530	-24	5	16.638471	20272529.434334
162600	-14	16	52.795523	-26	2	59.828636	20263948.260121
162900	-13	46	47.279122	-27	59	33.775455	20255218.837533
163200	-13	12	46.768913	-29	54	49.117375	20246357.607896
163500	-12	34	25.538316	-31	48	35.479436	20237381.293960
163800	-11	51	15.965154	-33	40	41.332939	20228306.869811
164100	-11	2	48.465041	-35	30	53.841124	20219151.530063
164400	-10	8	31.484882	-37	18	58.691458	20209932.658391
164700	-9	7	51.585177	-39	4	39.916477	20200667.795450
165000	-8	0	13.648746	-40	47	39.707108	20191374.606226
165300	-6	45	1.263842	-42	27	38.225239	20182070.846874
165600	-5	21	37.340413	-44	4	13.426220	20172774.331106
165900	-3	49	25.028034	-45	37	0.907139	20163502.896179
166200	-2	7	49.009519	-47	5	33.803165	20154274.368559
166500	0	-16	17.240833	-48	29	22.761775	20145106.529308
166800	1	45	36.811444	-49	47	56.032553	20136017.079279
167100	3	58	11.427461	-51	0	39.716994	20127023.604185
167400	6	21	33.454844	-52	6	58.225904	20118143.539611
167700	8	55	34.874452	-53	6	14.988063	20109394.136043
168000	11	39	49.436463	-53	57	53.438797	20100792.424007
168300	14	33	29.843100	-54	41	18.287526	20092355.179380
168600	17	35	26.067544	-55	15	57.018644	20084098.888960
168900	20	44	5.412576	-55	41	21.524716	20076039.716388
169200	23	57	34.769570	-55	57	9.716520	20068193.468483
169500	27	13	45.217946	-56	3	6.917716	20060575.562109
169800	30	30	18.655144	-55	59	6.850425	20053200.991618
170100	33	44	55.688742	-55	45	12.061195	20046084.296995
170400	36	55	23.711002	-55	21	33.719512	20039239.532761
170700	39	59	44.029543	-54	48	30.822680	20032680.237733
171000	42	56	17.164560	-54	6	28.932801	20026419.405723
171300	45	43	45.851475	-53	15	58.629484	20020469.457260
171600	48	21	15.756584	-52	17	33.875018	20014842.212409
171900	50	48	14.283583	-51	11	50.462344	20009548.864781
172200	53	4	28.048393	-49	59	24.665834	20004599.956792
172500	55	9	59.630070	-48	40	52.158535	20000005.356266
172800	57	5	4.116626	-47	16	47.210631	19995774.234434
