				My Program	  Table			
Date		J.D		H  M	S	  H  M   S	  Dt (sec)
Jan	0	2454100.5	6  37	7.7912	  6  37	 7.7912   0
	1	2454101.5	6  41	4.3466	  6  41	 4.3466   0
	2	2454102.5	6  45	0.9019	  6  45	 0.902    -0.0001
	3	2454103.5	6  48	57.4573	  6  48	 57.4574  -0.0001
	4	2454104.5	6  52	54.0127	  6  52	 54.0127  0
	5	2454105.5	6  56	50.568	  6  56	 50.5681  -0.0001
	6	2454106.5	7  0	47.1234	  7  0	 47.1235  -0.0001
	7	2454107.5	7  4	43.6788	  7  4	 43.6788  0
	8	2454108.5	7  8	40.2341	  7  8	 40.2342  -0.0001
	9	2454109.5	7  12	36.7895	  7  12	 36.7896  -0.0001
	10	2454110.5	7  16	33.3449	  7  16	 33.3449  0
	11	2454111.5	7  20	29.9003	  7  20	 29.9003  0
	12	2454112.5	7  24	26.4556	  7  24	 26.4557  -0.0001
	13	2454113.5	7  28	23.011	  7  28	 23.011   0
	14	2454114.5	7  32	19.5664	  7  32	 19.5664  0
	15	2454115.5	7  36	16.1217	  7  36	 16.1218  -0.0001
	16	2454116.5	7  40	12.6771	  7  40	 12.6771  0
	17	2454117.5	7  44	9.2325	  7  44	 9.2325   0
	18	2454118.5	7  48	5.7878	  7  48	 5.7879   -0.0001
	19	2454119.5	7  52	2.3432	  7  52	 2.3432   0
	20	2454120.5	7  55	58.8986	  7  55	 58.8986  0
	21	2454121.5	7  59	55.4539	  7  59	 55.454   -0.0001
	22	2454122.5	8  3	52.0093	  8  3	 52.0093  0
	23	2454123.5	8  7	48.5647	  8  7	 48.5647  0
	24	2454124.5	8  11	45.12	  8  11	 45.1201  -0.0001
	25	2454125.5	8  15	41.6754	  8  15	 41.6754  0
	26	2454126.5	8  19	38.2308	  8  19	 38.2308  0
	27	2454127.5	8  23	34.7862	  8  23	 34.7862  0
	28	2454128.5	8  27	31.3415	  8  27	 31.3415  0
	29	2454129.5	8  31	27.8969	  8  31	 27.8969  0
	30	2454130.5	8  35	24.4523	  8  35	 24.4523  0
	31	2454131.5	8  39	21.0076	  8  39	 21.0076  0
Feb	1	2454132.5	8  43	17.563	  8  43	 17.563   0
	2	2454133.5	8  47	14.1184	  8  47	 14.1184  0
	3	2454134.5	8  51	10.6737	  8  51	 10.6738  -0.0001
	4	2454135.5	8  55	7.2291	  8  55	 7.2291   0
	5	2454136.5	8  59	3.7845	  8  59	 3.7845   0
	6	2454137.5	9  3	0.3398	  9  3	 0.3399   -0.0001
	7	2454138.5	9  6	56.8952	  9  6	 56.8952  0
	8	2454139.5	9  10	53.4506	  9  10	 53.4506  0
	9	2454140.5	9  14	50.0059	  9  14	 50.006   -0.0001
	10	2454141.5	9  18	46.5613	  9  18	 46.5613  0
	11	2454142.5	9  22	43.1167	  9  22	 43.1167  0
	12	2454143.5	9  26	39.6721	  9  26	 39.6721  0
	13	2454144.5	9  30	36.2274	  9  30	 36.2274  0
	14	2454145.5	9  34	32.7828	  9  34	 32.7828  0
	15	2454146.5	9  38	29.3382	  9  38	 29.3382  0