-0.108596
0.128624
-0.188828
0.040253
-0.149273
0.165343
0.058818
-0.156969
0.055945
0.112181
0.103404
-0.186576
-0.035101
0.125728
0.103582
0.061570
-0.014374
0.095643
-0.023800
-0.195504
-0.094222
0.164206
-0.011175
0.075434
-0.062390
-0.087096
0.126926
-0.096068
-0.166736
0.110631
-0.118023
0.077218
0.081313
-0.091516
0.027285
-0.000921
-0.176663
0.065193
0.139403
0.093471
0.115756
0.167630
-0.189118
0.158570
-0.188356
-0.139538
0.020057
-0.116202
-0.095418
0.036387
0.063448
-0.185703
-0.005936
-0.092568
-0.141979
0.009538
-0.161070
-0.186190
0.145408
0.000926
0.100101
-0.059877
0.006352
0.132574
0.085597
0.101284
-0.135530
0.194480
0.094564
-0.066724
-0.004908
0.146491
-0.133073
-0.059582
-0.041639
0.183668
0.084388
0.135713
-0.087439
-0.099065
0.083893
0.017914
0.061101
-0.071769
-0.107687
0.059069
0.130464
0.081074
-0.068207
-0.100576
-0.104270
-0.180201
0.154416
0.016995
-0.024592
-0.036372
0.083380
-0.040273
-0.102117
0.033379
-0.095833
0.072446
-0.028947
0.163201
-0.051435
-0.097965
0.136513
-0.185988
0.082203
-0.094047
0.119363
-0.145061
-0.108752
-0.114267
0.186259
-0.034494
-0.137962
-0.106342
0.163735
-0.030720
0.151492
0.146131
-0.170136
-0.076761
0.053638
-0.129647
-0.144372
0.128296
-0.003730
0.181164
-0.134697
0.188274
0.062823
-0.003433
0.146617
0.199607
-0.157080
-0.009667
0.078006
0.006767
0.199474
-0.006873
-0.090406
-0.128303
-0.130229
0.170923
0.024528
0.077172
-0.142207
0.158281
-0.024113
0.101823
0.104263
-0.162531
0.128347
-0.088599
-0.198842
0.169076
-0.165649
0.096125
-0.023940
0.088924
-0.030923
-0.091234
0.107214
-0.049192
-0.057284
0.120452
0.120149
0.113727
0.183694
0.181969
-0.176538
-0.173334
0.006778
0.139334
-0.023844
0.044015
0.009365
0.184402
-0.003973
0.020932
0.160211
0.199217
0.131129
-0.177819
-0.042111
0.064134
0.171104
0.039820
-0.083928
-0.154530
0.164330
0.142157
0.105107
0.081592
0.183122
0.164195
-0.178029
-0.140406
-0.175185
0.006010
-0.191573
0.008932
0.175203
0.003915
-0.057492
-0.102040
-0.114886
0.032999
-0.193420
-0.096148
0.167828
0.154988
-0.087910
-0.192678
0.036083
0.157642
-0.018084
-0.051439
0.164700
-0.080313
-0.145743
-0.055515
-0.186232
0.140105
0.023495
0.001191
-0.163207
0.036597
-0.114535
-0.134284
-0.006578
0.046665
0.190228
0.128586
-0.142429
-0.196373
0.091468
-0.181855
-0.020018
0.129369
0.086320
-0.093524
0.080404
0.191212
0.057163
-0.035868
-0.155406
0.179862
-0.043647
-0.034188
0.066302
0.033410
0.139908
0.078445
0.122112
-0.157309
0.164019
0.166803
-0.103451
-0.022951
0.129497
-0.128436
0.015240
-0.077103
-0.088448
0.079767
0.120080
-0.149380
-0.047528
0.043052
-0.170794
-0.109513
-0.001008
-0.118155
0.195933
-0.051985
-0.014386
-0.016781
0.080495
0.020388
0.157698
-0.041954
-0.044366
-0.091625
-0.066293
0.041945
0.036571
-0.162977
0.169006
0.038870
0.096030
0.133067
0.086948
-0.167966
-0.165450
-0.128971
0.123421
0.085108
-0.168463
-0.088363
0.024733
0.174027
0.085582
0.068691
-0.044920
0.125757
0.011486
-0.098133
0.128390
0.051787
0.146419
0.045248
0.197456
-0.053962
0.048377
-0.010777
-0.061611
0.074629
-0.135927
-0.013156
0.189750
-0.042856
-0.067476
0.160330
-0.145619
0.153698
0.090574
0.179456
-0.060646
-0.070071
-0.149698
-0.079928
-0.035887
-0.061812
0.111326
-0.132799
-0.059687
0.140976
0.039823
-0.092215
0.065243
-0.116404
0.038770
-0.088663
0.049585
-0.059944
-0.108414
-0.150939
0.022410
-0.182997
-0.098337
0.071531
0.133703
-0.118101
-0.148956
-0.038369
-0.185833
0.118070
0.127018
0.142494
-0.158207
-0.190357
-0.004869
0.158663
-0.175739
-0.023523
0.033022
0.184146
0.002356
-0.116448
-0.059581
0.180204
-0.062129
-0.116369
0.039332
-0.149103
-0.168609
0.082326
-0.174761
0.103682
0.106043
-0.041148
0.068192
-0.121234
-0.026397
0.113027
0.136909
0.107611
-0.125477
0.083278
0.141177
-0.144537
-0.133906
-0.070736
-0.072921
0.030392
-0.196857
0.179437
-0.121808
0.152736
0.100859
0.095083
-0.063998
0.099167
-0.105861
-0.034236
0.026786
-0.119362
-0.005319
-0.006347
-0.170884
0.184678
-0.175327
-0.151356
0.059035
0.061922
0.067136
-0.109799
0.154622
0.136184
0.051012
0.110969
-0.187837
-0.196186
0.186753
-0.141613
0.087901
0.143163
-0.195098
-0.114843
0.083542
-0.123242
0.167496
0.096453
-0.057524
-0.119029
0.128038
-0.080845
0.043629
0.002115
-0.111357
-0.129864
0.169989
0.056093
-0.068242
-0.098722
-0.135381
0.090528
0.035866
0.014504
-0.176756
-0.105245
0.004551
0.048805
0.174467
-0.112642
0.162360
-0.176001
0.097751
-0.019594
-0.082697
0.134170
0.196207
0.038573
-0.091075
0.143261
-0.167235
-0.025784
0.069891
-0.056161
0.072791
-0.077237
0.033707
0.181755
0.100458
-0.060967
0.118290
0.120479
-0.094998
-0.048787
0.063719
-0.122798
0.191793
0.126207
0.078904
0.074714
0.004121
-0.193004
0.188508
0.033824
-0.179827
0.044652
0.092076
0.158749
0.075253
0.179401
-0.069557
-0.172116
0.026382
-0.033478
-0.082486
0.059644
-0.010458
-0.026962
0.158356
-0.053409
-0.050888
-0.086166
-0.179693
-0.072945
-0.060569
0.171852
-0.046596
0.198213
-0.055300
0.003908
0.070569
0.092144
0.183191
0.191063
0.181810
-0.141498
-0.182038
0.140549
-0.070507
-0.134131
0.103861
-0.101947
-0.068580
0.021080
-0.140213
0.097577
0.170301
0.022191
0.090316
-0.129382
0.026818
-0.127371
0.106512
0.015578
-0.037280
-0.128618
0.072327
0.167771
0.148921
-0.183702
-0.154506
0.042764
-0.143001
-0.176604
0.054295
-0.016766
-0.024081
-0.059498
-0.074718
-0.112438
0.056793
0.062250
-0.071080
-0.065677
0.009911
0.077255
0.167084
-0.061473
-0.036237
0.110557
0.032780
0.051530
0.146236
0.053122
-0.146667
0.051210
-0.002264
0.187135
0.002211
0.198180
0.128395
0.184745
-0.187857
-0.037032
0.097904
-0.152194
0.177111
-0.076026
0.127687
0.148673
-0.077211
-0.006061
-0.114017
0.123381
-0.175503
0.196176
-0.099999
-0.074524
-0.123567
-0.100270
-0.016459
-0.086225
-0.110088
-0.132314
0.075415
0.170853
0.179311
-0.013819
0.117454
0.083294
-0.075237
0.124784
0.182494
0.084130
-0.032019
0.171906
0.044573
-0.195474
0.097594
0.048453
-0.080269
0.071125
0.005211
0.067289
-0.173293
-0.169332
-0.031969
0.119083
-0.026735
0.161818
0.090643
-0.160268
0.036559
-0.196700
-0.154515
0.109187
0.032488
0.112893
-0.121689
-0.138667
0.180030
-0.096156
-0.139430
0.133600
0.117395
-0.117689
0.137495
0.125931
-0.038565
-0.145341
-0.003986
-0.120442
-0.024935
0.089647
-0.085516
-0.139501
0.139233
-0.179535
-0.175001
-0.052382
-0.163370
0.086487
-0.089999
0.086340
0.100493
-0.012913
-0.044515
-0.076360
-0.047444
-0.046325
0.162994
0.167709
0.052152
0.125371
-0.070698
0.086552
-0.139859
0.077248
0.151263
0.171779
0.122723
0.192415
-0.188891
0.006119
-0.074985
0.142215
0.031078
0.147834
0.122439
-0.110613
-0.001538
-0.155235
-0.050984
0.163897
0.048686
-0.106084
-0.178314
0.110181
0.129783
-0.140041
-0.068554
0.074453
0.148381
0.051920
0.067389
-0.102854
-0.007901
-0.004257
-0.028924
-0.021287
0.082541
0.145123
0.144357
-0.194447
-0.029812
0.164396
0.124355
-0.161258
-0.076884
-0.114177
-0.012452
0.043473
-0.117226
-0.026653
-0.136818
0.009647
-0.114609
0.080300
0.085046
-0.164438
0.073552
-0.143098
0.027191
0.147799
0.058598
0.062265
-0.052658
-0.143904
0.195579
0.155974
-0.164600
-0.014499
0.116023
0.123678
-0.194042
-0.198889
0.155562
-0.188525
-0.185761
0.109038
0.102792
0.014429
-0.035338
-0.037965
-0.097861
0.103484
0.119243
-0.068509
-0.072596
-0.044598
0.028279
0.091114
0.026479
-0.063686
0.048351
-0.108281
-0.187249
0.041326
0.088739
0.068249
0.015261
0.137097
-0.182258
0.131279
0.066274
0.162821
-0.067627
-0.104169
0.016938
-0.049446
-0.152632
-0.129234
0.063107
-0.084907
0.041735
0.056233
-0.083644
-0.199944
0.037975
-0.194065
0.077226
0.198492
0.020547
0.076076
-0.104083
0.024175
-0.117601
-0.120924
0.009348
-0.114006
-0.126561
-0.186437
-0.113614
-0.093038
-0.063718
0.107529
0.091004
-0.104635
-0.160768
0.056889
0.013170
-0.076408
-0.158785
0.102376
0.197027
0.174289
-0.010696
0.014894
0.072619
0.092363
0.198049
0.095490
0.005167
0.158435
0.036434
0.156705
0.011202
0.055184
-0.104187
0.032831
0.136141
-0.068284
0.194819
-0.164525
-0.068122
0.180198
-0.140015
0.158888
-0.109537
0.023630
-0.101908
-0.097753
-0.121431
0.083092
-0.045845
0.160679
0.017843
0.165983
-0.060715
0.099235
0.072220
0.127845
0.071038
0.019728
-0.042511
-0.166793
0.126014
0.135743
0.102131
-0.040509
0.058386
-0.143207
0.127812
-0.129851
-0.130648
0.043918
-0.115348
0.172422
-0.187551
0.137713
0.063541
-0.192552
-0.005609
0.077053
-0.126207
0.153613
-0.162144
0.014300
0.125819
-0.075026
0.198339
0.140630
0.108126
-0.143761
-0.186690
0.158923
-0.166061
0.070137
0.114986
0.092289
-0.196987
-0.155796
0.172644
0.046426
-0.088035
0.167802
-0.144040
-0.121818
0.162459
-0.188897
0.102814
-0.017266
-0.147812
0.104196
-0.068135
-0.136817
0.099753
-0.181511
0.092546
0.197448
-0.017327
-0.049969
0.060667
0.192139
-0.017102
-0.178050
0.027222
0.109030
0.133953
-0.117208
-0.167188
-0.090843
-0.121538
-0.058565
0.134513
-0.064021
-0.168831
-0.090146
-0.177783
-0.039494
-0.070485
0.078025
-0.082019
-0.020672
-0.042200
0.005100
-0.180041
0.132136
0.175743
0.058642
0.059052
0.058551
-0.113341
0.037603
0.084798
-0.073937
0.094342
-0.087884
0.181184
0.069584
0.167076
-0.037316
-0.088706
-0.166678
0.036479
0.048168
0.098617
-0.009697
0.187993
-0.040642
0.080913
-0.170110
0.181088
0.113376
0.138402
-0.186043
-0.036062
-0.180181
0.136915
0.018818
-0.030568
-0.036622
-0.150576
-0.035467
-0.122871
0.037651
0.128004
0.093098
0.189889
0.027884
-0.107243
0.154359
0.039061
-0.139025
0.176175
-0.085624
0.164103
-0.148685
-0.158805
0.004117
0.051425
0.077557
-0.126707
-0.050373
0.143632
0.049678
0.153965
-0.164353
-0.026960
0.111745
0.011101
0.160126
-0.007340
-0.091659
-0.048908
0.140392
-0.174691
0.063609
0.057839
-0.188655
-0.189382
0.105025
0.102467
0.042288
0.094065
-0.036335
-0.157562
0.117170
0.026225
0.068730
-0.098515
-0.190886
-0.181878
-0.037552
-0.028339
-0.014804
0.180845
0.175321
0.175783
0.187175
0.034776
-0.144452
0.150289
-0.195500
-0.135560
-0.170528
-0.048491
-0.107581
-0.147736
-0.057358
-0.091149
0.005044
0.059848
0.101204
0.030162
-0.001466
0.197636
-0.165933
-0.183095
-0.136419
0.135185
-0.072437
0.011051
-0.110857
0.145525
0.059400
0.016473
-0.159865
-0.072693
0.025235
-0.069920
0.177584
0.114021
-0.149934
0.099620
0.165260
0.148766
-0.086621
0.065398
-0.043407
-0.078432
-0.039020
-0.022289
-0.056719
-0.080027
0.191669
0.088895
-0.126193
-0.152742
0.102751
0.148331
0.095517
0.184869
0.091076
0.147422
0.060547
-0.163826
-0.164537
0.069979
-0.023840
0.076748
-0.111251
-0.194256
0.068867
0.172099
-0.067921
0.051107
0.188591
-0.060191
0.161084
-0.126196
-0.032815
-0.154002
0.093112
-0.093817
0.092877
0.107415
0.009380
-0.181325
-0.128789
0.069623
-0.033492
0.018863
0.138689
0.065107
0.065625
0.194064
-0.148402
0.072902
0.028642
0.136047
-0.120588
0.181497
-0.006973
0.124211
0.167813
0.019633
-0.146409
0.083854
0.138316
-0.038521
-0.165469
-0.088134
-0.089449
-0.101173
0.009185
-0.172973
-0.052616
0.136306
0.140184
0.116448
-0.107895
-0.105779
0.104273
0.174052
0.085637
-0.071242
0.045230
0.022261
0.008531
0.087237
-0.025716
0.042821
0.157960
-0.171300
0.043514
0.120768
-0.098448
0.112416
0.117890
-0.181874
-0.168466
-0.145605
0.190502
0.029179
0.122092
0.163655
0.041829
0.054728
-0.017739
-0.087589
-0.177779
-0.087643
0.105248
-0.147973
-0.070813
0.059880
0.188006
0.047696
0.199990
-0.182180
0.107377
0.137701
0.142284
-0.054573
0.140567
0.019757
0.048152
-0.147346
-0.006417
-0.086308
0.151722
-0.123477
-0.196138
-0.018102
0.151583
0.028397
0.069661
0.015785
-0.086526
-0.184193
0.171493
0.198492
-0.039358
-0.028665
0.071765
0.128553
0.050726
0.063399
0.168630
-0.083837
-0.110593
-0.101841
0.057396
0.194491
0.170574
-0.032490
-0.007276
0.192844
-0.016105
-0.020714
0.063221
-0.019298
0.064077
0.089732
-0.107927
0.104623
-0.127405
0.042175
-0.162164
0.158685
-0.150494
0.044543
-0.186631
0.131482
0.164483
-0.008580
0.150321
-0.158252
0.021936
-0.004511
0.144430
-0.024578
-0.004067
0.105226
-0.092697
0.073274
0.132723
0.189076
0.024847
-0.121901
0.129294
0.081799
-0.196616
-0.098698
0.094883
-0.015365
-0.199137
0.063263
0.173772
-0.172253
0.140446
-0.004945
0.072970
0.095575
0.118156
0.160676
0.167338
0.120284
0.150590
0.195626
-0.135350
-0.127381
-0.073712
-0.110347
-0.060672
-0.054821
-0.005746
0.086696
-0.138527
-0.182967
-0.045563
0.138984
0.185545
0.156690
-0.078320
0.188140
-0.185979
-0.018566
-0.121724
-0.117301
-0.016773
0.091538
-0.007922
0.042245
0.184918
-0.014869
-0.038673
-0.064534
-0.135179
0.149507
-0.120305
0.066384
0.163366
-0.034098
-0.080746
-0.015427
0.123315
0.080381
-0.029828
-0.047094
0.017106
0.174887
-0.097701
-0.107946
0.120958
0.081895
-0.183527
0.165959
-0.105535
0.199516
0.039335
0.119341
-0.104398
-0.077466
-0.194124
-0.139593
-0.126351
0.111051
0.188130
0.054030
0.161227
-0.070403
0.093727
0.183604
0.053222
-0.035399
0.179775
0.119623
0.064554
0.004466
-0.106423
0.058472
-0.080210
0.120072
0.105479
0.074993
0.042124
-0.145781
-0.126514
0.011933
0.115302
0.037495
-0.088704
-0.099645
-0.108284
-0.188521
0.080505
0.013620
-0.070328
0.080464
-0.141833
0.017418
0.084608
0.143591
0.093954
0.125083
0.170732
-0.151181
-0.190981
0.196938
0.066018
-0.050830
0.151033
0.107840
0.046902
-0.172017
0.041240
0.189099
0.149090
0.040440
-0.129814
0.153872
0.086282
0.068111
0.031041
-0.110808
-0.003801
-0.108940
-0.151495
0.133199
0.163923
0.151590
0.036796
0.002847
-0.155359
-0.143333
0.182275
-0.029448
0.134852
0.173177
0.103587
-0.121485
-0.155453
0.093228
-0.023211
-0.071252
0.135098
0.080163
-0.181414
-0.066082
-0.050472
0.192544
-0.127749
-0.125388
-0.092061
0.060392
-0.153204
-0.189924
0.198986
0.135054
-0.067565
-0.118832
0.165856
0.173437
-0.111911
0.058483
-0.046482
0.167599
-0.086773
0.171354
0.028488
-0.182487
-0.155295
-0.048530
0.014809
-0.168787
0.040495
0.003681
-0.164263
-0.094945
-0.094745
0.073196
-0.025343
-0.074820
0.065660
-0.032887
0.077259
-0.097685
0.099146
0.160623
-0.159256
-0.060332
-0.009088
-0.036203
-0.010470
-0.146806
-0.045244
0.128921
-0.119304
0.145841
0.134299
0.150770
0.034031
0.095543
-0.117269
-0.160600
-0.021369
-0.154903
-0.061402
-0.045500
-0.176325
-0.059346
-0.085630
-0.103423
0.054386
-0.017463
0.106676
0.194812
-0.110501
0.139951
0.183517
-0.104013
-0.068177
0.037432
0.063007
-0.158342
0.106391
-0.196486
0.174310
0.124657
0.064728
0.050267
0.070217
0.020220
-0.013709
0.074611
0.050533
0.104738
0.199331
-0.050181
0.170780
0.095350
-0.058860
0.019128
-0.011902
0.080338
-0.120319
-0.039359
-0.048196
-0.169850
-0.191373
0.048546
-0.127343
-0.148180
-0.040730
-0.146690
0.034429
-0.116501
-0.104067
-0.159590
-0.067328
0.077685
0.042654
0.197823
-0.101624
0.078611
-0.025916
-0.133893
0.141266
0.014339
-0.070259
-0.033707
0.122138
0.034632
-0.110416
0.023827
0.140959
-0.048580
-0.137290
-0.101482
0.140629
0.102029
0.129551
-0.081584
-0.110460
-0.099373
-0.018910
0.010681
0.060264
0.018409
-0.031974
-0.150150
0.066511
-0.028602
-0.042802
0.005096
0.167564
-0.120239
0.019761
0.175398
0.108384
0.002076
-0.077328
-0.154996
-0.164198
-0.036138
-0.134068
0.101357
-0.095175
0.027266
0.111235
-0.180409
-0.036831
-0.069414
0.136508
0.137066
0.110556
0.046493
0.084231
-0.077759
-0.145488
0.040916
-0.009070
0.014589
-0.105772
0.042426
0.093004
0.075932
0.054145
0.149388
0.136906
-0.011066
-0.053500
-0.108627
0.118665
0.088699
-0.020468
0.171187
-0.021237
0.168048
-0.165884
-0.168983
-0.008316
-0.007474
-0.008106
0.102830
-0.107846
0.093788
-0.190347
-0.081108
-0.143683
0.198463
-0.067869
-0.015459
-0.025000
-0.105458
-0.057391
-0.112726
-0.162976
-0.123612
0.107887
-0.021004
-0.033839
-0.049686
0.155280
-0.120666
0.119559
-0.166910
0.194798
-0.180868
-0.016396
-0.001796
-0.006345
-0.152261
-0.179167
0.187547
-0.091160
0.085892
0.003017
-0.101443
-0.074040
0.110548
-0.121677
-0.131707
-0.120322
0.017668
0.010907
-0.140673
-0.139043
-0.170698
0.182379
0.177743
0.108416
-0.160707
0.186741
-0.196660
-0.188033
-0.000521
0.098109
0.149416
0.188853
-0.056707
0.169396
0.186303
-0.183017
0.068813
0.026101
-0.099167
0.002910
0.063938
-0.033740
0.003372
-0.079709
-0.069592
0.136293
-0.078499
-0.132515
-0.127337
-0.185330
-0.023691
0.047438
-0.108540
-0.137140
-0.046491
0.108454
0.136116
-0.143608
0.174013
0.006202
-0.016954
0.066988
0.085359
0.180909
0.129144
0.181987
0.078798
0.140762
0.063807
0.121016
0.159176
0.116488
0.092377
0.137273
0.129634
-0.068280
0.176978
0.017938
0.182898
-0.077117
0.157027
-0.184274
0.106832
0.114212
-0.010436
0.151152
-0.140779
-0.135576
0.181048
0.070364
-0.076536
0.197023
-0.005161
-0.126613
0.098012
-0.095027
-0.056040
-0.018986
-0.112634
-0.111255
-0.117881
-0.034420
0.166936
-0.177500
-0.113590
0.096411
0.003559
-0.108743
0.075939
0.168187
0.169697
0.005240
0.057479
-0.142985
0.120542
-0.064196
0.086386
-0.058626
0.077661
-0.044576
-0.147822
-0.073319
-0.184463
-0.161100
0.007530
-0.191809
0.006553
0.140158
-0.163391
-0.009281
-0.185073
0.169526
-0.023760
-0.158453
0.197148
-0.096959
-0.113122
-0.127801
0.115757
0.039360
0.141010
-0.184144
0.102327
-0.101755
0.189718
-0.080025
-0.039227
0.060524
0.173453
-0.195563
0.076221
-0.174171
-0.175953
0.098569
-0.092359
-0.160860
-0.111772
-0.112330
-0.103295
0.065601
-0.164549
-0.082618
-0.142837
-0.073593
-0.005292
0.063134
0.081569
0.079950
-0.118588
-0.088391
-0.133296
-0.148851
-0.129928
0.001555
-0.130906
-0.199634
-0.001020
-0.005873
0.163220
-0.068582
0.101981
-0.050104
-0.195624
0.092272
0.056501
-0.018288
0.143143
-0.003468
-0.009074
-0.170915
0.196026
0.173376
0.044481
-0.095156
-0.173521
0.058034
-0.032769
0.118099
-0.064639
0.172508
-0.116005
-0.190471
-0.002170
0.077165
-0.007375
0.192486
0.159699
-0.054872
0.009170
0.042096
-0.005523
0.014365
-0.189708
0.129143
-0.107110
-0.197066
0.095054
0.081583
-0.174660
-0.199607
-0.088165
0.158200
0.006287
0.193767
0.055628
0.050220
0.056624
-0.119693
-0.136310
0.104437
-0.094007
0.022077
-0.023950
-0.120021
-0.092363
-0.047957
0.085143
-0.125791
-0.016851
0.180225
-0.033411
-0.015464
-0.151926
-0.094082
-0.034503
-0.061618
-0.177393
0.103381
0.022618
0.043841
0.179710
0.064560
-0.134300
0.166170
-0.151258
-0.133610
-0.108430
-0.083680
0.108210
-0.040646
0.101368
-0.024846
0.044748
0.036722
0.042320
0.195346
0.051300
-0.112634
-0.178308
-0.090616
0.162082
0.123426
-0.141796
-0.024481
-0.170714
-0.170920
0.172236
-0.104573
0.072838
-0.058482
-0.034268
0.189583
0.008737
-0.077371
0.118700
-0.121366
0.062675
0.155295
-0.042605
-0.039486
0.078039
0.081265
-0.113586
-0.027372
0.153639
0.188111
-0.137062
-0.138603
0.063905
0.099867
-0.072743
0.045418
0.163961
-0.073835
-0.078547
-0.011057
0.099701
0.162812
0.151964
0.026597
-0.092506
0.137742
-0.194654
0.140298
0.006729
0.009722
0.018120
-0.019215
0.034232
-0.140247
0.004206
0.144879
-0.161635
0.118288
0.039035
0.179297
-0.040803
-0.077670
-0.036037
0.156955
0.160438
-0.104130
0.073131
0.187632
-0.034610
0.194843
0.001321
0.106670
0.195577
0.024304
0.147944
0.032862
-0.109485
-0.048219
0.099155
0.195524
-0.149826
-0.086143
-0.023167
0.166309
0.033627
-0.071949
0.134158
0.091985
0.024844
-0.134027
-0.174202
0.182396
0.187078
0.123005
-0.022673
-0.071369
-0.103513
0.170879
0.177686
0.039636
0.015278
0.042374
0.103230
0.066285
0.022306
0.135211
-0.011637
-0.149512
0.128326
-0.062343
0.059422
-0.149229
0.069079
-0.192560
0.137302
-0.073139
-0.083980
-0.055124
0.078858
0.069045
0.083096
0.027291
0.147577
0.014169
0.133122
0.117803
-0.014160
-0.018142
0.018163
-0.082444
0.129170
0.162483
0.192917
-0.103716
-0.151285
-0.008397
0.131968
0.046821
0.109189
-0.028303
0.030930
-0.088733
0.091241
-0.019770
-0.100928
0.048228
0.092789
0.139751
-0.039884
-0.032724
-0.174325
-0.130185
-0.110654
0.109729
-0.102362
-0.041516
0.087398
0.119090
-0.164225
0.092132
0.142040
0.190043
-0.061468
-0.130323
0.198432
-0.047466
0.091714
0.103083
0.169359
-0.138781
0.123651
0.169298
0.082393
0.147424
-0.139072
0.158826
-0.008747
0.023132
0.174084
0.035462
0.005802
-0.040403
-0.153133
0.129013
-0.023792
-0.054591
-0.152090
0.095759
0.019460
-0.047012
-0.035345
-0.159195
-0.175980
-0.076778
0.084707
-0.182082
0.036544
-0.152412
0.020631
-0.163132
0.156828
0.197298
0.182477
-0.199376
0.065591
0.040529
0.109136
0.030360
-0.194804
-0.005203
0.105027
-0.116143
0.154091
0.149268
-0.051625
-0.050431
-0.078710
-0.030082
0.087534
0.077704
-0.162176
-0.177541
0.076643
-0.142501
0.082917
0.188652
0.171013
0.182527
-0.002096
0.151007
0.129133
-0.133746
-0.116883
-0.010123
-0.184596
0.063259
0.120841
-0.055279
0.038024
0.058997
0.102319
-0.091478
-0.141070
-0.038208
-0.124207
0.090683
0.023401
-0.108223
-0.048181
-0.179741
-0.032193
-0.169485
0.142477
-0.024677
0.184890
0.090811
0.167191
0.096538
-0.047812
-0.003587
0.017631
0.067979
-0.122154
-0.039484
-0.183145
0.086038
-0.011606
-0.196388
0.173776
0.016373
0.160993
0.087668
0.060044
0.170828
-0.084018
-0.198631
0.146846
-0.153783
0.004335
-0.142905
0.171817
-0.068069
-0.017227
0.142972
0.063508
-0.047107
0.126605
-0.081390
-0.191303
-0.002857
0.160662
0.145655
0.081530
-0.152812
0.185118
0.057227
0.106907
0.069031
-0.020021
-0.100565
0.111750
-0.132344
0.165416
0.032524
0.143853
-0.110799
0.065960
0.186510
0.199427
-0.073177
-0.193173
-0.158496
0.051191
-0.093374
-0.145959
-0.053588
0.184762
0.125468
0.134693
-0.064418
0.034023
-0.091752
0.064150
0.111940
0.040053
-0.155346
-0.126899
-0.192696
-0.058818
-0.172092
-0.058434
0.055300
0.026077
-0.072886
0.045392
-0.153289
-0.026846
-0.105107
-0.158426
-0.120375
0.189450
0.036740
0.194297
-0.042120
-0.055086
-0.162151
0.185428
-0.159947
-0.065503
0.006593
0.109504
-0.006843
-0.127372
-0.044915
-0.007307
0.144257
-0.199041
-0.179556
0.096791
-0.096180
-0.069019
-0.011490
0.014893
0.119650
0.092176
-0.112594
-0.108192
-0.195716
-0.177341
-0.062210
-0.060368
0.110626
0.021726
0.144621
-0.099603
-0.118332
-0.099920
-0.199010
-0.104168
-0.059239
-0.010911
0.143921
-0.157550
-0.073931
-0.089584
-0.113143
-0.078900
0.082352
-0.095669
0.026363
-0.109298
0.002085
0.186856
-0.093967
0.136458
0.127512
0.151410
0.151627
0.145797
0.187022
0.194677
0.076080
-0.177735
0.133917
0.035630
-0.080920
-0.152503
0.023173
-0.007499
0.016609
0.194316
-0.103064
0.027454
0.011119
-0.158490
-0.137571
-0.169696
0.129367
0.001361
0.019733
0.042993
-0.126742
0.054409
-0.071147
-0.078404
0.030208
0.185152
0.158613
0.027646
-0.033371
0.168475
0.055760
-0.148815
-0.066151
0.096015
-0.082468
0.150943
-0.074608
-0.189614
-0.105579
-0.130045
-0.004280
0.015442
0.082293
-0.016679
0.193737
0.110995
-0.041598
-0.144734
0.153073
-0.086496
-0.037360
0.141169
-0.040137
-0.076599
0.082127
-0.112268
-0.095774
0.033263
-0.164432
0.098320
-0.053070
-0.091062
0.184393
-0.120557
0.042620
0.111686
0.107045
-0.093051
0.068351
0.171948
-0.063977
0.028906
0.163709
-0.085371
-0.069948
0.066493
-0.083213
-0.193866
-0.038088
0.196777
0.187558
0.044096
0.085862
0.169363
0.091141
0.107421
-0.004245
-0.133856
0.131692
-0.052732
-0.016965
0.128443
-0.083750
-0.030827
0.095617
-0.001956
-0.154898
-0.052970
-0.078989
-0.124429
0.053628
0.002995
-0.041460
0.105605
-0.141300
0.042101
-0.090329
-0.044725
-0.068213
-0.036932
0.142818
0.017640
0.127878
-0.060218
0.081542
0.108031
-0.195991
-0.086580
-0.101721
0.063259
0.058054
0.153230
0.152654
0.119505
0.179041
-0.129842
-0.072101
-0.174149
0.178484
-0.155655
-0.056586
0.113803
-0.057787
-0.051414
0.055369
-0.013197
0.033521
0.152398
-0.021254
-0.035779
-0.074936
-0.091632
0.126917
0.069939
0.017730
-0.110171
-0.122497
-0.196947
0.152504
0.149980
-0.083573
0.031390
0.157269
-0.051762
-0.029145
0.131840
0.102295
0.079885
-0.047043
0.049757
0.113843
-0.162114
-0.175885
-0.003760
-0.014381
-0.050167
0.168214
-0.102585
0.174349
0.149394
-0.124090
-0.144315
0.090637
-0.139234
0.149890
0.096690
-0.003313
-0.154226
0.175991
0.198440
-0.106804
0.136669
-0.001981
0.126949
-0.098696
0.047941
0.100926
0.110843
0.024564
0.146562
-0.157909
-0.035826
0.164574
-0.083595
-0.130348
-0.164597
-0.160324
-0.179101
0.109109
-0.039498
-0.168241
0.057653
-0.155726
-0.191788
-0.061530
0.034000
-0.134594
-0.062287
0.099217
0.079870
-0.071267
0.166715
0.109067
0.198248
-0.066330
-0.100015
0.138938
-0.187686
0.091220
0.012565
0.030188
-0.052814
0.184167
0.002129
-0.108003
-0.055842
0.167213
-0.097109
-0.156799
0.005305
-0.178382
0.056928
0.006109
-0.035111
-0.142671
0.004686
0.119213
0.148033
0.099301
-0.073301
-0.130541
-0.013648
-0.128863
-0.187041
0.027031
0.106315
-0.005278
0.024152
0.086594
-0.053176
0.034509
0.182292
0.013020
0.183516
-0.098043
-0.040931
0.049718
0.112828
-0.081769
0.078978
-0.104749
-0.171122
-0.138813
-0.039925
-0.066460
0.151534
0.131201
0.030200
0.018412
-0.047210
-0.119157
-0.045114
-0.094675
0.168398
-0.008788
0.154719
0.145966
-0.119252
-0.125445
-0.067554
-0.123934
-0.039320
0.046231
0.114291
-0.145601
0.199110
0.150279
0.074148
-0.030676
-0.166104
-0.058236
0.149711
-0.080575
-0.143670
0.164365
0.046431
-0.020576
0.152597
0.176192
0.016348
0.063888
0.003541
-0.055155
-0.121194
0.140870
0.051261
-0.155441
0.150341
-0.004124
0.051574
-0.076919
0.185652
0.107397
0.034002
-0.184891
-0.159423
0.122983
-0.058633
-0.073181
0.192150
0.157491
0.098193
-0.003764
-0.108806
0.055734
-0.148923
0.008969
0.129834
-0.124290
-0.198432
0.139705
-0.025108
-0.150505
-0.179931
0.024503
0.132223
-0.100658
0.004260
0.080043
-0.142017
0.193832
0.009548
0.108925
-0.128880
0.080279
-0.132596
-0.093114
0.199933
-0.121804
-0.011353
-0.173765
0.156013
-0.055417
-0.171618
0.102653
0.081732
-0.176305
-0.002797
-0.049941
-0.118001
0.105867
0.177524
-0.189768
-0.178259
-0.137561
0.179602
0.184750
-0.105496
-0.058598
-0.186714
0.051855
0.080466
-0.179957
-0.196230
0.188777
-0.169177
0.005575
-0.024598
0.075806
-0.018690
0.154941
-0.175389
0.199783
0.198046
-0.026211
-0.048525
-0.152713
0.012295
-0.126510
0.177055
0.048657
-0.027126
-0.040325
-0.066176
-0.156820
0.090609
-0.010907
-0.008463
0.173712
-0.047470
0.105408
0.044983
-0.067589
-0.027000
-0.037403
-0.173771
-0.179919
0.011232
0.086684
0.001277
0.066424
0.002045
-0.157496
-0.138152
0.011889
0.190947
0.035638
-0.074147
0.095260
0.189948
0.114222
0.093146
-0.143785
-0.033460
0.153751
0.026744
0.161368
0.020938
0.063187
0.180316
-0.180296
-0.082336
-0.109022
0.168434
0.156507
0.113038
0.014894
0.176802
0.132513
-0.082346
0.170502
0.108890
-0.175592
0.104083
0.030441
0.101855
0.023197
0.191911
0.166295
-0.183095
0.061026
-0.069711
0.134337
0.075014
-0.026573
-0.198026
0.032461
0.170916
0.162796
0.055709
-0.016415
0.090533
-0.129826
0.015052
0.033143
-0.007290
0.007089
0.132725
-0.044051
-0.194860
0.151194
0.007664
-0.073674
0.141119
0.094251
0.171582
-0.095577
-0.098562
-0.065494
-0.103634
-0.152963
0.141886
0.132058
0.123919
0.039674
0.142132
-0.136329
0.031938
0.187336
0.170812
0.110447
-0.089653
-0.191702
-0.039236
-0.029348
0.157874
-0.081055
-0.151324
-0.061354
-0.005698
0.068447
-0.087695
0.184124
0.084547
-0.030827
-0.181919
0.039699
-0.003890
0.036907
-0.047018
0.190910
-0.032508
-0.121396
0.168550
0.014338
-0.063417
0.141967
-0.108303
-0.126195
0.093554
-0.178107
-0.119364
0.093516
0.062852
0.028230
0.085173
0.169469
0.036567
-0.060698
0.091275
-0.121899
0.074091
0.136332
0.038480
-0.007445
0.007094
0.167586
-0.177925
0.040730
-0.070990
0.117706
-0.023453
-0.180549
0.183454
0.017459
0.173200
-0.198959
-0.160548
0.110281
-0.056720
-0.068900
0.014835
0.164488
-0.165803
0.012726
0.193057
-0.182869
0.103042
-0.111746
-0.027751
-0.035429
-0.072579
-0.189786
0.105142
0.133651
0.093934
-0.174860
0.164879
-0.012367
-0.100957
-0.044170
-0.106309
-0.172533
-0.141855
-0.033137
-0.153840
0.119194
0.019854
-0.118752
-0.177885
0.062710
0.184179
0.050654
-0.138971
-0.082854
0.135388
0.045061
-0.066659
0.002189
-0.150428
0.033174
0.138535
-0.050570
-0.051724
-0.117110
-0.190415
-0.195129
0.199072
0.004982
-0.060583
0.178423
-0.026238
0.190352
-0.103503
-0.028334
-0.134967
0.021986
-0.082533
-0.029255
0.137570
0.091365
-0.148977
0.005667
0.045539
-0.130106
0.190264
-0.069210
0.076316
-0.048978
0.089997
-0.089255
0.133881
0.149416
0.013993
0.093535
0.198465
0.156400
0.003643
-0.115108
-0.049658
-0.185348
0.191417
0.197519
0.087018
-0.058168
-0.067207
0.070575
0.080534
-0.051005
0.109251
-0.010538
0.144010
-0.087321
0.112427
-0.023887
-0.182490
-0.137354
0.069087
-0.103449
-0.033597
0.034190
-0.110100
0.072263
0.127112
-0.011419
-0.107065
-0.193785
0.065565
-0.156921
0.196247
0.143765
-0.139150
0.043757
-0.052622
0.049713
0.113713
-0.036565
-0.016668
0.006181
-0.154981
-0.140406
-0.120500
-0.169453
-0.163319
0.012877
-0.044492
0.040767
0.166849
0.111118
-0.132788
-0.159811
-0.130684
-0.015135
-0.016767
0.057960
-0.140067
-0.107736
0.004672
0.138016
0.178684
-0.026887
0.130132
-0.075739
-0.026022
-0.119164
-0.067409
0.188203
-0.142132
-0.012103
0.135451
0.104779
-0.193051
-0.039397
-0.068864
0.160810
-0.133093
-0.111527
0.087411
-0.090506
-0.031977
-0.063424
-0.139296
-0.190198
-0.052708
-0.122905
0.144872
-0.038345
-0.163940
-0.181319
-0.044658
-0.004895
-0.134812
0.084682
-0.169399
-0.027869
-0.043997
0.137615
0.031680
0.046212
0.133522
0.040818
0.171556
0.118761
-0.012930
-0.064912
0.091034
-0.132040
0.178332
0.188433
-0.084229
0.127183
0.145088
-0.165060
-0.147544
-0.104955
-0.102479
-0.019856
-0.023818
0.055118
0.190166
-0.022007
-0.153957
0.011927
-0.191721
-0.144713
0.154615
0.076352
0.103573
-0.043673
0.060002
-0.178988
-0.086623
0.061911
0.123860
-0.127138
-0.161949
0.109465
0.136149
0.011171
-0.184882
0.128345
0.115039
0.199780
0.122991
-0.109420
0.009217
-0.038420
-0.146709
-0.096974
-0.159541
-0.174646
0.165952
0.061445
-0.043119
-0.163503
0.047616
-0.192852
-0.122339
0.075278
0.033188
-0.185268
-0.170976
0.044332
0.122603
0.005140
0.090903
0.185560
0.016252
0.197498
-0.033659
-0.122071
-0.197372
-0.040550
0.063853
0.078808
-0.087814
0.045167
0.173702
-0.142258
0.129759
-0.014604
-0.156689
0.093343
-0.135601
-0.001416
0.028505
-0.034199
-0.071481
-0.192786
-0.161116
-0.029289
-0.187306
0.015654
0.031950
0.162656
-0.193372
-0.068549
-0.122095
0.152014
0.176554
0.178840
0.194755
0.115077
-0.101845
-0.119681
0.033964
0.196476
0.152937
0.023871
-0.032085
0.197664
0.025510
-0.062903
0.140649
0.169189
-0.093449
0.000076
0.054051
0.176782
0.174004
0.154942
-0.009798
0.013960
0.177656
-0.094703
0.067260
0.031738
-0.160436
0.031590
-0.004042
-0.079599
0.080357
0.130201
-0.075202
-0.033343
0.169945
0.187205
-0.105039
-0.031381
-0.070948
0.187953
0.090961
-0.138822
0.140802
-0.089662
0.179480
-0.040478
-0.104904
0.154132
-0.041396
0.012423
-0.083473
-0.030582
0.049751
0.194335
-0.112719
-0.040085
-0.108750
-0.042138
0.046155
0.161342
-0.155507
-0.065946
-0.094361
-0.063257
0.164924
-0.079534
0.009100
-0.170987
-0.130113
-0.160402
0.165040
0.085415
0.139656
0.042334
-0.165114
-0.153903
0.151129
0.154284
-0.006077
0.074651
0.041950
-0.059868
0.172733
-0.166274
-0.021426
0.166744
0.106841
0.025675
-0.046622
-0.156764
-0.176034
-0.043054
-0.055836
-0.177199
-0.184909
0.137155
0.158612
0.064552
0.194639
0.002672
0.097107
-0.165494
-0.154710
0.180721
-0.085688
0.064718
0.163598
0.062788
0.038225
-0.058152
-0.011042
-0.024820
0.058086
0.039566
0.014654
0.008914
0.010477
-0.067430
-0.010059
0.013337
-0.115616
-0.038930
-0.164757
-0.117970
-0.142113
-0.150498
0.029924
-0.002121
0.085996
-0.114885
-0.072031
-0.175619
-0.098095
-0.195080
-0.037868
0.086659
-0.172512
-0.007799
0.177833
-0.007034
0.008783
-0.189216
0.120254
-0.188876
-0.134648
-0.071413
-0.090989
-0.165056
0.151068
-0.144227
0.081350
0.166936
-0.076129
-0.089085
0.106856
0.131929
-0.144805
0.072389
-0.048782
-0.029776
-0.086281
0.041188
-0.097857
-0.058303
0.171870
0.117824
0.147539
0.168312
-0.036999
0.169189
-0.179804
0.140321
0.036085
0.003844
0.183345
0.143095
-0.019473
0.067463
0.142041
0.151205
0.183800
0.132147
-0.050346
0.002049
0.133142
0.125900
-0.047321
0.024215
0.140822
0.053465
-0.066246
-0.061535
-0.139438
-0.022115
-0.058530
-0.119338
-0.132676
-0.161796
-0.151588
0.168145
-0.028092
0.015028
-0.009205
0.065720
0.138732
0.161119
-0.120023
-0.061708
-0.174340
0.165953
-0.080816
0.193332
0.012131
0.112467
-0.085448
-0.185746
-0.098748
0.097648
0.147774
0.069237
-0.061253
0.170096
0.023198
-0.109960
-0.093967
-0.011763
-0.197779
0.049097
-0.160861
-0.124114
-0.005286
0.028040
0.040868
0.000404
0.174070
-0.056070
-0.184888
-0.160880
0.049698
0.054507
0.187878
0.100922
0.154788
0.085149
0.074567
-0.169613
0.101163
-0.033690
-0.039270
0.107094
-0.175363
-0.082044
-0.072533
0.098454
-0.173235
0.080650
0.156177
0.022284
0.122715
-0.061776
-0.014977
-0.164270
0.093784
0.011657
0.052293
0.065083
-0.056652
-0.124493
0.121286
-0.119896
0.113710
-0.159663
0.112437
-0.071246
-0.108100
-0.022414
0.183149
0.007639
-0.105917
-0.172978
-0.146763
0.059632
0.150739
-0.065629
-0.158814
-0.048387
0.062030
-0.050718
0.075842
-0.054853
-0.002600
0.117315
-0.132729
-0.049883
0.152586
-0.046304
0.184119
0.129018
0.091536
0.050828
-0.161000
0.118267
-0.075817
-0.192308
-0.091168
0.163917
0.161902
-0.162003
-0.103262
-0.184068
-0.150588
-0.019356
0.065348
0.168996
-0.168218
0.181243
0.063334
-0.052639
0.156453
0.015505
-0.170247
0.081112
-0.166097
0.007795
0.041126
-0.195609
0.045867
-0.031606
0.101023
-0.189415
0.156480
-0.136474
-0.007964
-0.166669
0.024813
-0.132592
-0.153838
0.041378
0.088100
-0.026061
-0.136134
0.168402
0.002913
-0.013569
-0.022444
0.047476
0.115321
0.057964
0.042866
-0.187342
0.177371
0.104233
0.082457
-0.125855
0.006352
-0.050420
0.052114
-0.121691
0.002628
0.158243
0.168238
-0.080977
0.060035
0.019518
-0.022728
0.065939
0.005612
0.144222
0.053923
0.114988
-0.176461
0.116003
-0.110716
0.133182
-0.153946
0.123071
-0.170403
0.053903
-0.178177
-0.078451
-0.162569
-0.157889
-0.126397
-0.143648
0.146407
-0.121982
0.123070
-0.097326
-0.172374
-0.146604
-0.043045
0.120861
0.031254
0.199782
0.027307
-0.088763
0.083873
-0.155280
0.033541
0.163727
-0.058027
-0.040436
0.194745
-0.001683
-0.055832
0.176472
-0.082756
-0.053430
-0.154793
0.155149
0.140331
0.025440
0.198304
0.166216
0.075481
-0.083157
0.033623
-0.172780
0.162964
-0.072985
-0.010248
0.009575
0.144995
-0.138342
-0.016419
0.030037
-0.045098
-0.166862
-0.166287
-0.030964
-0.074099
0.100335
0.163273
0.170492
0.171335
0.024525
-0.028824
-0.146717
0.006763
0.127319
-0.178910
-0.155644
-0.128965
-0.186627
-0.026864
-0.036028
-0.055138
-0.047780
-0.010230
0.138281
-0.089458
-0.065728
-0.039956
-0.096562
-0.103040
-0.115050
-0.095157
0.018944
0.142693
0.092313
-0.192526
-0.176484
-0.161874
0.004975
-0.190825
0.146147
0.088440
-0.063342
-0.095592
-0.190999
-0.182608
0.159493
-0.132996
0.185202
-0.149683
0.093107
-0.055831
0.167535
-0.040519
0.106982
-0.183115
-0.157000
-0.126778
0.092023
0.114912
-0.056724
-0.187099
0.014767
0.098192
-0.037865
0.164956
-0.105839
-0.005608
-0.168311
0.028322
0.096072
0.023122
-0.128936
0.157019
0.026443
0.016760
-0.178032
-0.186812
0.175418
-0.083066
-0.155728
0.195706
-0.046928
0.015649
-0.191483
0.165909
-0.026497
-0.130604
0.183469
-0.104527
-0.159429
-0.135806
0.195520
0.130706
0.166299
0.118834
0.043469
0.106764
0.041137
0.122929
-0.065078
-0.095888
0.199084
0.190845
0.174298
0.059164
-0.059219
-0.119228
-0.072869
-0.127630
0.110168
-0.141667
-0.037976
0.178927
0.159753
0.128414
0.176569
0.066127
0.049098
0.194003
-0.041564
0.003743
0.067015
0.170366
-0.101729
-0.016915
-0.193559
0.015364
-0.155311
-0.165408
-0.125995
-0.192648
0.125798
0.114108
-0.170545
0.179625
0.018630
-0.035332
-0.029599
0.178248
-0.163885
0.183129
-0.079759
0.129537
0.050082
0.108149
0.189450
0.055068
0.026447
0.146213
0.097039
0.154509
0.010586
-0.086863
0.189132
-0.183373
0.111903
0.102975
0.032419
-0.003300
-0.010233
-0.186807
-0.081655
0.167507
0.078907
-0.113367
0.085156
-0.182000
-0.095726
0.053777
0.181568
-0.080035
-0.054298
0.145428
0.108051
-0.193103
0.178400
-0.120809
-0.076668
-0.156082
0.001711
0.194477
-0.162467
-0.144949
0.081059
-0.182605
-0.009031
-0.038170
-0.147941
0.025770
0.077973
-0.125529
0.046969
0.000479
0.122896
0.026152
0.048191
0.166200
-0.061269
-0.059975
0.107230
0.100808
-0.014991
0.050587
-0.117713
0.124866
0.090589
-0.065559
0.017461
0.161497
-0.176679
-0.057539
-0.062016
0.097249
-0.007309
-0.181887
0.126689
-0.110212
0.153064
-0.063840
0.130913
0.122579
-0.124442
-0.120094
-0.109939
0.076528
-0.009231
-0.015527
0.063164
-0.154474
0.017982
-0.197643
0.009811
-0.175399
0.015080
0.057211
0.088303
-0.044579
-0.182517
-0.036228
-0.040857
-0.029261
-0.177458
0.191377
-0.108575
-0.035750
0.020824
0.183622
-0.040565
-0.133724
0.101590
-0.184248
0.056534
-0.153690
-0.154037
0.036616
0.072297
-0.104586
-0.001560
0.142939
0.064245
0.159843
-0.109678
-0.184733
-0.101366
-0.099330
-0.013976
0.184865
-0.087946
-0.179713
0.126710
0.167754
-0.121493
-0.137582
-0.197645
0.081360
-0.077541
-0.193056
0.122686
-0.025459
0.113380
-0.105620
0.022439
-0.109378
-0.051608
-0.084086
-0.014749
0.113586
-0.168831
0.193392
-0.121652
-0.139990
0.177190
-0.036643
-0.148986
0.182736
-0.026943
-0.149744
-0.164398
-0.026204
0.152881
-0.142057
-0.198969
0.078907
0.195733
0.178877
0.178762
-0.165960
-0.018160
0.121667
0.032319
-0.029424
-0.024847
-0.048851
0.096942
-0.110363
-0.135106
0.187360
0.113125
-0.090339
0.086185
0.080556
-0.170894
0.166755
-0.187480
-0.016676
0.198996
0.148741
-0.009986
0.036520
0.019959
-0.063375
0.064412
0.156415
-0.196136
-0.037167
0.119014
-0.004433
0.061043
-0.124314
0.008873
-0.020705
-0.120728
0.167565
-0.111532
-0.070188
0.148625
0.161450
0.128826
-0.198541
-0.107185
0.043039
0.163264
0.144589
0.154255
0.152672
0.030456
-0.061310
-0.195760
0.026991
0.162084
0.069371
-0.080709
0.010320
0.144813
-0.131132
0.014046
-0.179182
-0.085739
-0.036563
-0.156697
-0.050844
-0.068288
0.113041
0.052596
0.191228
-0.012364
0.004434
0.004457
0.189645
0.089329
-0.123854
-0.143429
0.112594
0.023671
-0.083329
0.187471
-0.031181
0.035164
-0.082884
-0.187490
-0.139542
0.071532
-0.083200
-0.019091
-0.105584
-0.136379
0.062002
0.119068
-0.021005
-0.052099
0.110741
0.006650
0.032391
0.150158
0.135068
0.041142
0.101202
-0.182077
-0.023158
-0.108367
-0.153008
-0.004403
-0.080726
0.076357
0.047998
-0.072464
-0.045531
-0.097897
-0.010992
-0.143263
0.134034
-0.127652
-0.193397
-0.041121
0.011647
0.070874
-0.011866
-0.122277
-0.002036
0.058852
0.007909
0.147370
0.127735
0.008464
-0.030634
-0.020516
0.009040
-0.075458
-0.013506
0.062743
-0.084304
-0.115053
0.181437
0.061725
-0.090939
0.139871
-0.090139
0.099191
0.193642
0.052166
0.135945
0.159091
0.053627
-0.184786
0.128656
0.160863
-0.175366
0.177105
0.141141
-0.183914
0.129085
0.049930
0.027942
0.065876
0.088767
-0.025249
0.050988
0.034309
-0.070540
-0.128186
0.073520
0.058702
-0.053440
0.027314
-0.117187
0.101967
-0.123733
-0.053615
-0.082799
0.005716
-0.022860
-0.189965
0.128968
-0.004833
-0.012968
0.199118
0.086617
0.049841
-0.081035
0.052169
-0.036200
0.099458
-0.176757
-0.145113
-0.126894
0.007938
-0.089196
-0.004565
-0.063281
0.020799
-0.039563
-0.106746
-0.059873
-0.181726
-0.053844
-0.043828
0.019050
-0.084873
-0.168365
-0.070924
0.183169
-0.094571
0.088477
0.154013
0.003271
0.050215
0.079765
-0.089943
0.161817
-0.029454
0.125623
0.013923
-0.011234
0.090405
0.021493
-0.005751
0.104217
0.004365
0.007211
-0.020385
-0.136682
-0.057963
-0.127655
-0.113779
-0.019275
-0.009308
0.093986
-0.092725
-0.000655
0.048267
-0.139776
-0.118451
-0.089899
-0.154374
0.107299
0.046062
0.123740
-0.167464
-0.180891
-0.035477
-0.116951
0.168778
0.106140
0.093586
0.133710
-0.164858
0.040176
-0.139581
0.178402
0.006313
-0.087103
0.065068
-0.106709
-0.128465
-0.164673
-0.108011
0.148236
-0.073048
0.132168
-0.185136
0.101841
0.038751
0.088037
0.111659
0.103542
0.058792
-0.089875
-0.087493
0.098357
0.197599
-0.087322
-0.112412
0.167129
0.128496
0.180426
-0.178193
-0.028397
-0.128412
-0.154130
-0.006352
-0.189042
-0.015963
-0.190169
-0.028890
-0.181573
0.030155
-0.017454
-0.007875
-0.001335
0.037761
0.043173
0.021126
-0.162220
-0.169368
-0.131383
-0.043294
-0.104916
-0.112727
-0.095206
-0.198761
0.088030
0.082083
-0.183150
-0.100743
0.130879
0.018969
0.175780
-0.138857
-0.062237
0.031349
0.097678
-0.163071
0.032116
0.060319
-0.025656
-0.198962
-0.103194
-0.064334
-0.086940
-0.034999
-0.073761
-0.083270
-0.167186
0.058112
0.144041
-0.139057
-0.169617
-0.144502
0.173127
0.188118
-0.174615
0.103495
0.123181
-0.140877
0.111182
-0.116088
-0.035949
0.166334
0.080458
-0.198734
-0.050655
0.184052
-0.045366
-0.111687
-0.098106
0.010986
-0.165838
-0.135567
0.180904
0.087148
0.165554
-0.064523
-0.113563
-0.129996
-0.027962
-0.118047
-0.171536
-0.102859
-0.073191
-0.077792
0.137542
0.076952
0.149175
0.110788
0.143061
-0.125487
-0.078578
0.038993
0.163101
-0.013821
0.129065
0.054460
0.031943
-0.190498
-0.084306
0.028224
0.166527
-0.142323
-0.049857
0.087045
-0.135467
-0.072109
-0.022347
0.005324
0.161981
-0.177636
-0.093491
-0.105662
-0.162104
0.092624
-0.058790
-0.199761
-0.152196
-0.084174
-0.065574
-0.153480
0.069247
-0.178522
0.014321
-0.092426
0.106275
0.011592
-0.121722
0.025539
0.121663
0.075709
0.163306
-0.078160
-0.064275
0.057189
0.037992
-0.057402
-0.098449
0.135222
0.129799
-0.125612
0.078713
-0.007209
-0.130770
-0.059408
0.151778
0.181507
0.087489
0.026893
0.046587
0.127036
0.185587
-0.004681
-0.111809
-0.005319
-0.003904
-0.092490
-0.111512
-0.080666
0.170590
-0.034769
-0.068703
0.176918
-0.082533
-0.051665
-0.006076
0.157188
0.025501
-0.048834
0.049960
0.012757
0.129049
0.069312
-0.197333
0.001789
0.091677
0.016664
0.145792
0.043552
0.074757
0.106717
-0.184017
0.097952
0.174330
-0.025977
0.126267
-0.108805
-0.177088
0.178100
0.017209
0.141318
-0.172226
-0.009652
0.128272
0.040589
0.175534
0.028983
-0.003132
0.021457
0.070889
-0.023882
0.097547
0.026402
-0.115770
0.142689
-0.041245
-0.051974
-0.088334
0.089778
-0.027459
0.028310
-0.067025
-0.048736
0.093727
-0.023335
-0.107030
-0.094241
0.075677
0.130536
-0.199261
0.023678
0.081207
0.137307
0.091914
-0.070581
0.113865
-0.015704
0.114735
-0.003699
-0.057255
-0.018151
0.074484
0.062391
-0.101460
0.071530
-0.072925
0.105236
0.122211
0.026690
-0.089720
-0.004574
0.079944
-0.187269
0.189426
0.113297
-0.049663
0.149565
-0.080923
-0.055151
0.101716
0.179749
0.035264
0.006274
0.184048
-0.162816
0.160202
0.042924
0.125761
-0.168613
-0.134697
-0.007706
0.175021
0.152380
0.120319
-0.091487
-0.170693
0.093097
0.164163
-0.113212
-0.181180
-0.156903
0.177204
-0.142049
0.003438
-0.133935
-0.107525
0.055896
0.053683
0.148554
0.051639
0.090923
0.026213
0.051567
0.199686
-0.127864
0.181295
-0.072540
-0.026936
-0.065366
0.137295
-0.095169
0.089009
0.035776
0.110126
-0.113005
0.046837
-0.069801
-0.106975
-0.063840
0.103479
-0.196433
-0.079806
0.169331
-0.000622
0.070251
-0.126871
0.090977
-0.135315
0.144470
-0.035443
0.157344
-0.172807
0.173734
-0.166042
-0.170059
-0.042127
0.074801
0.188421
-0.046516
-0.165584
-0.176378
-0.147835
0.190523
-0.154772
0.152264
-0.018049
-0.187832
0.124767
-0.176325
0.144357
0.161955
0.128139
0.078379
0.058829
0.079763
0.130529
-0.113489
-0.196166
0.009877
0.006806
0.139811
0.170470
-0.007777
0.190710
-0.131102
0.042953
-0.129373
0.085503
-0.055404
-0.129207
-0.156296
0.052791
0.000575
0.168972
0.149985
-0.054294
-0.143917
-0.199945
0.168731
0.094657
0.187317
0.057149
-0.087273
0.117495
-0.129878
-0.076869
0.127525
-0.010379
0.185591
0.134037
-0.075850
0.056644
-0.187779
0.068354
-0.132293
-0.121823
-0.166686
-0.123039
0.030427
0.071590
0.040109
-0.139491
-0.185535
-0.187657
0.122435
0.045701
-0.148071
-0.186118
0.088790
0.051643
-0.030191
-0.098353
0.182793
0.043012
-0.006365
-0.180018
0.179552
0.123426
0.040777
0.133438
-0.127886
0.116714
-0.167326
-0.153502
0.071964
0.187363
0.161106
-0.167691
0.109825
-0.153020
0.049945
0.163891
0.198057
-0.064497
-0.106581
-0.036623
-0.160034
0.144970
0.041624
-0.094212
-0.099649
-0.183280
0.181607
0.014351
-0.137035
-0.163081
0.087872
0.074658
0.007126
-0.026171
-0.046446
-0.007800
0.097238
-0.013178
0.126260
0.087000
0.010749
0.012501
0.099103
-0.157707
0.133031
-0.137852
-0.122152
-0.002938
0.032265
-0.146196
0.008820
0.089011
-0.026940
-0.019742
-0.132083
-0.020425
-0.018505
-0.136820
-0.001807
-0.088566
0.013904
-0.181216
-0.070569
0.014092
0.137797
-0.040548
-0.034119
0.044457
0.015916
0.022993
0.059860
-0.150921
0.104518
0.020555
-0.155526
-0.077533
0.159065
0.069989
0.040777
0.013665
0.093886
0.114726
-0.056369
-0.086522
0.083132
-0.147328
-0.154319
-0.094476
0.155829
-0.036353
-0.060628
-0.106771
0.103613
0.015444
0.002832
-0.144008
0.044267
0.179096
0.147388
-0.019400
0.116681
0.049915
0.157288
0.162262
-0.049423
0.098222
0.113593
0.115702
-0.004539
0.114821
0.003973
-0.121745
-0.000717
0.153456
0.162487
-0.100747
0.134291
-0.069564
0.199735
-0.121789
-0.033572
0.089097
-0.170538
-0.132227
0.037405
0.041818
-0.050702
0.131541
0.019643
0.073199
0.187232
0.056620
-0.104184
-0.070982
-0.090221
-0.125886
-0.090140
0.132623
-0.126469
0.146138
-0.189029
0.023636
-0.120570
0.069378
0.121919
-0.023803
-0.131324
-0.071312
0.044047
-0.046565
0.157668
-0.074348
-0.182213
0.149244
-0.026471
0.164953
0.175754
0.045353
-0.160525
0.054058
-0.193923
-0.014123
0.008210
-0.091145
0.172292
0.075374
-0.140797
-0.186021
0.128266
-0.129811
0.063361
-0.163139
-0.054643
0.069417
0.192286
-0.139737
0.092397
-0.055446
0.045887
-0.021144
-0.074006
-0.101429
0.071304
0.079936
-0.093210
0.168915
-0.040277
0.104913
0.122600
0.025251
0.120857
-0.046509
-0.176065
-0.187198
0.192333
0.030718
-0.097728
0.076321
-0.067179
0.138349
0.086888
0.068066
0.051226
0.049184
0.083593
-0.074270
0.143881
-0.136816
-0.066545
-0.012211
-0.108664
0.078058
0.041824
0.116113
0.133755
0.178747
0.045039
-0.031657
-0.112427
-0.089947
-0.159323
0.137131
-0.092896
0.154388
-0.174182
-0.104993
0.123347
-0.103613
0.099088
-0.067193
-0.000865
-0.178591
-0.101762
0.082192
-0.089494
0.074136
-0.080897
-0.124079
-0.093798
0.118370
-0.156624
0.017127
0.175549
-0.155410
-0.182363
-0.140521
-0.135210
-0.180441
-0.077828
0.078591
-0.015680
0.011876
0.072515
-0.013832
-0.106007
-0.107646
0.110807
-0.172377
0.142922
0.183380
0.031745
0.164010
-0.116344
-0.081097
0.044758
-0.041021
-0.117249
0.197831
0.179565
-0.022918
-0.118880
-0.049293
-0.198987
0.029065
-0.185024
-0.147713
0.097417
-0.108149
0.059061
-0.069531
-0.160440
0.154453
0.086033
0.067367
0.043400
0.155796
0.068430
-0.097236
0.123930
-0.120666
0.102815
-0.076212
0.016925
0.063591
-0.115305
0.192704
0.093342
0.002246
0.118771
-0.146544
-0.104752
0.091251
-0.159440
0.062683
0.011560
-0.180378
-0.131576
-0.077306
-0.147153
-0.110833
0.106168
-0.188330
-0.188953
-0.061899
-0.093717
-0.098090
0.197957
-0.139090
-0.082573
0.072448
-0.095658
-0.190458
0.002711
0.019416
0.194994
-0.069529
0.041103
-0.042795
0.069207
0.053033
-0.184466
0.147172
-0.019932
-0.185408
-0.031492
0.042573
-0.060735
-0.128352
0.145136
0.156698
0.170344
-0.115205
-0.130073
-0.132000
-0.093594
-0.176579
0.056101
0.059160
0.064390
0.072705
0.171477
-0.049686
0.143182
0.141492
-0.037273
0.142716
-0.110945
-0.060791
0.087794
-0.174388
0.049448
-0.108310
-0.146309
-0.095886
0.012120
-0.065047
0.151347
0.084765
-0.066755
-0.105104
-0.138818
0.161242
0.099842
0.112522
0.113824
-0.088430
0.094354
-0.193092
0.162077
-0.136763
-0.161524
-0.149718
-0.156823
-0.009320
0.152405
-0.089145
0.040561
-0.103420
0.170975
0.096325
0.057866
-0.096721
-0.052760
0.115279
-0.012841
-0.122423
0.030980
-0.065256
0.187300
-0.031679
0.022860
0.130939
-0.163057
0.085471
-0.120769
0.134043
-0.139779
0.096780
0.017364
0.145621
0.007528
0.017892
-0.134024
0.006331
-0.180693
0.095754
0.047425
-0.138429
0.062418
0.060277
-0.175822
-0.008047
-0.015642
0.066681
0.012803
-0.132058
-0.133594
-0.006907
0.116035
0.130111
-0.196124
-0.019813
0.112158
0.027017
0.050012
-0.142439
0.087619
0.167348
-0.035898
-0.079935
-0.001222
-0.183235
0.195973
0.173927
0.074814
0.105807
-0.069303
-0.178109
-0.178226
-0.185642
-0.111845
-0.059011
0.091056
-0.199083
-0.016972
-0.157452
0.182763
0.144371
-0.145000
-0.080246
-0.141181
-0.063637
-0.125428
0.081899
-0.163964
0.186840
-0.007789
-0.011389
0.133776
0.045724
0.094445
-0.154824
0.030511
0.036932
-0.113958
-0.193324
0.116563
0.012190
-0.153112
-0.023473
0.154607
0.155631
-0.008704
-0.173768
-0.078604
-0.094131
-0.140596
0.178159
0.088760
0.112463
0.032074
0.186314
-0.068976
-0.190921
-0.197899
0.043213
-0.165479
0.011966
-0.138455
-0.122525
0.052888
0.033525
-0.175071
0.169384
0.077826
-0.051382
-0.089157
0.154798
-0.037698
0.165869
-0.176507
0.188981
0.114768
-0.111887
-0.032971
0.023793
0.170244
0.052150
-0.009153
-0.043100
0.086784
-0.167913
0.056116
-0.192315
-0.157521
-0.113965
-0.145330
-0.140382
-0.061294
0.001315
-0.193192
-0.150319
-0.195658
-0.155498
-0.048425
0.177709
0.042858
-0.162798
-0.193241
-0.074014
-0.089667
-0.100814
0.033648
-0.013358
-0.001072
-0.181315
0.051641
0.004767
-0.194096
0.184391
0.056746
-0.192505
0.088157
0.023846
-0.182581
-0.062570
0.045144
0.124498
0.108996
-0.081068
0.055230
0.171967
-0.094714
-0.126581
0.106880
-0.052845
0.050039
-0.079445
-0.187069
0.010633
0.007480
0.038246
-0.111331
0.195726
0.117144
0.008093
-0.142882
-0.100293
0.166516
-0.188749
0.072196
0.195974
0.135232
0.036898
-0.031670
-0.189138
0.006217
0.043277
0.133281
-0.005271
0.080876
0.033566
-0.008505
-0.168030
0.028915
0.106007
0.084625
-0.063395
-0.101623
-0.181444
0.149164
-0.084765
-0.112246
-0.067204
-0.174063
0.078317
0.162407
0.161933
-0.079458
0.091611
-0.162720
-0.012811
-0.128514
