Time(sec)	Xin(m)	Yin(m)	Zin(m)	x(m)	y(m)	z(m)
0	-8527954.178132	14823266.628972	-20078263.192097	10120291.567892	13785315.904932	-20078263.192097
300	-9617154.358640	14696085.945361	-19669547.438664	9884253.186809	14517786.987361	-19669547.438664
600	-10687542.668845	14540162.876644	-19222355.584436	9665412.153401	15238756.927079	-19222355.584436
900	-11737015.630282	14355789.051961	-18737544.804871	9463539.703054	15946398.699977	-18737544.804871
1200	-12763509.760838	14143313.250994	-18216048.301164	9278303.889703	16638917.274303	-18216048.301164
1500	-13765005.888295	13903140.821271	-17658873.478817	9109271.562827	17314556.979477	-17658873.478817
1800	-14739533.564644	13635732.795890	-17067099.952424	8955910.819879	17971608.719604	-17067099.952424
2100	-15685175.070839	13341605.179271	-16441877.380984	8817593.923370	18608416.997826	-16441877.380984
2400	-16600069.623340	13021327.813555	-15784423.138611	8693600.669503	19223386.718448	-15784423.138611
2700	-17482417.274737	12675523.302840	-15096019.826100	8583122.192956	19814989.734786	-15096019.826100
3000	-18330482.855068	12304865.594713	-14378012.629370	8485265.190209	20381771.111847	-14378012.629370
3300	-19142599.485951	11910078.822860	-13631806.531307	8399056.541696	20922355.074314	-13631806.531307
3600	-19917172.228125	11491935.657355	-12858863.384094	8323448.311027	21435450.611807	-12858863.384094
3900	-20652681.398422	11051255.774917	-12060698.849523	8257323.097637	21919856.715056	-12060698.849523
4200	-21347685.868001	10588903.956790	-11238879.215310	8199499.717403	22374467.218445	-11238879.215310
4500	-22000825.931456	10105788.535317	-10395018.095784	8148739.184170	22798275.226323	-10395018.095784
4800	-22610826.239499	9602859.293183	-9530773.025744	8103750.963579	23190377.102535	-9530773.025744
5100	-23176498.389920	9081105.543496	-8647841.956592	8063199.469282	23549976.004842	-8647841.956592
5400	-23696743.444419	8541553.821799	-7747959.664165	8025710.770421	23876384.948121	-7747959.664165
5700	-24170554.031619	7985266.005618	-6832894.077947	7989879.478252	24169029.382640	-6832894.077947
6000	-24597016.445934	7413336.850786	-5904442.541538	7954275.778959	24427449.276112	-5904442.541538
6300	-24975312.408567	6826891.765564	-4964428.014446	7917452.579036	24651300.690693	-4964428.014446
6600	-25304720.705895	6227084.194680	-4014695.225397	7877952.729156	24840356.848648	-4014695.225397
6900	-25584618.446972	5615093.497668	-3057106.787416	7834316.292152	24994508.682893	-3057106.787416
7200	-25814482.243057	4992122.284687	-2093539.284976	7785087.820633	25113764.871230	-2093539.284976
7500	-25993889.135090	4359393.696684	-1125879.343534	7728823.609842	25198251.355560	-1125879.343534
7800	-26122517.192606	3718149.165554	-156019.691653	7664098.891628	25248210.349937	-156019.691653
8100	-26200146.003150	3069645.574356	814144.774112	7589514.935845	25263998.843753	814144.774112
8400	-26226656.867389	2415152.737421	1782720.911578	7503706.026106	25246086.608792	1782720.911578
8700	-26202032.808373	1755950.516597	2747821.232718	7405346.277610	25195053.721246	2747821.232718
9000	-26126358.296841	1093326.510486	3707567.771235	7293156.265715	25111587.612043	3707567.771235
9300	-25999818.817125	428573.159219	4660095.908585	7165909.435002	24996479.661054	4660095.908585
9600	-25822700.182578	-237014.798362	5603558.149338	7022438.259863	24850621.352802	5603558.149338
9900	-25595387.642281	-902143.201984	6536127.837139	6861640.128991	24675000.013288	6536127.837139
10200	-25318364.777286	-1565520.755173	7456002.802813	6682482.927680	24470694.149367	7456002.802813
10500	-24992212.195760	-2225861.863010	8361408.936579	6484010.293462	24238868.413879	8361408.936579
10800	-24617606.032150	-2881889.097778	9250603.676676	6265346.522330	23980768.221248	9250603.676676
11100	-24195316.223768	-3532335.961420	10121879.407161	6025701.104614	23697714.039762	10121879.407161
11400	-23726204.659030	-4175949.057440	10973566.758018	5764372.871500	23391095.388007	10973566.758018
11700	-23211223.090852	-4811490.768599	11804037.801191	5480753.735110	23062364.564040	11804037.801191
12000	-22651410.915922	-5437741.556827	12611709.136570	5174332.007127	22713030.136924	12611709.136570
12300	-22047892.725256	-6053502.515607	13395044.862448	4844695.283003	22344650.231000	13395044.862448
12600	-21401875.812956	-6657597.354190	14152559.425385	4491532.880875	21958825.633985	14152559.425385
12900	-20714647.423620	-7248874.827860	14882820.344914	4114637.826478	21557192.760463	14882820.344914
13200	-19987571.931208	-7826210.799048	15584450.808958	3713908.377431	21141416.502695	15584450.808958
13500	-19222087.789300	-8388510.501463	16256132.136296	3289349.082446	20713183.000846	16256132.136296
13800	-18419704.526148	-8934710.278557	16896606.102853	2841071.373103	20274192.364809	16896606.102853
14100	-17581999.458340	-9463779.697087	17504677.129055	2369293.687937	19826151.379639	17504677.129055
14400	-16710614.401643	-9974723.314056	18079214.325884	1874341.130668	19370766.226411	18079214.325884
14700	-15807252.158054	-10466582.593355	18619153.397727	1356644.666394	18909735.249891	18619153.397727
15000	-14873673.130272	-10938437.357670	19123498.400493	816739.861584	18444741.803895	19123498.400493
15300	-13911691.640463	-11389407.535212	19591323.353864	255265.175590	17977447.204556	19591323.353864
15600	-12923172.308846	-11818654.594989	20021773.706934	-327040.186736	17509483.820948	20021773.706934
15900	-11910026.216777	-12225383.075779	20414067.656842	-929338.849940	17042448.331617	20414067.656842
16200	-10874207.272385	-12608841.727221	20767497.320319	-1550698.257323	16577895.174588	20767497.320319
16500	-9817708.271469	-12968324.857980	21081429.758431	-2190094.060062	16117330.217311	21081429.758431
16800	-8742557.075141	-13303173.418477	21355307.855059	-2846413.889863	15662204.671813	21355307.855059
17100	-7650812.582817	-13612776.119664	21588651.049961	-3518461.497492	15213909.279083	21588651.049961
17400	-6544560.972673	-13896570.253533	21781055.927510	-4204961.238166	14773768.785315	21781055.927510
17700	-5425911.633478	-14154042.627424	21932196.662436	-4904562.883547	14343036.731271	21932196.662436
18000	-4296993.262450	-14384730.287594	22041825.324138	-5615846.738931	13922890.574490	22041825.324138
18300	-3159949.771404	-14588221.220442	22109772.041303	-6337329.043184	13514427.162584	22109772.041303
18600	-2016936.513121	-14764154.854325	22135945.028778	-7067467.628022	13118658.574233	22135945.028778
18900	-870116.200612	-14912222.578426	22120330.478778	-7804667.812415	12736508.342906	22120330.478778
19200	278344.967234	-15032168.111766	22062992.318669	-8547288.507143	12368808.076643	22062992.318669
19500	1426281.356714	-15123787.791760	21964071.837697	-9293648.503914	12016294.485589	21964071.837697
19800	2571531.590635	-15186930.767680	21823787.185113	-10042032.922925	11679606.827236	21823787.185113
20100	3711942.505606	-15221499.121400	21642432.742289	-10790699.792336	11359284.777634	21642432.742289
20400	4845373.074715	-15227447.853351	21420378.371447	-11537886.732790	11055766.735103	21420378.371447
20700	5969697.982877	-15204784.854838	21158068.543722	-12281817.719917	10769388.561260	21158068.543722
21000	7082811.492178	-15153570.726475	20856021.349328	-13020709.897629	10500382.762442	20856021.349328
21300	8182631.052939	-15073918.560478	20514827.392626	-13752780.414989	10248878.112923	20514827.392626
21600	9267101.059387	-14965993.544794	20135148.574945	-14476253.259526	10014899.719607	20135148.574945
21900	10334196.209055	-14830012.656448	19717716.768017	-15189366.060031	9798369.526204	19717716.768017
22200	11381925.133034	-14666244.106539	19263332.380909	-15890376.832124	9599107.253264	19263332.380909
22500	12408333.757210	-14475006.813942	18772862.823345	-16577570.640237	9416831.768803	18772862.823345
22800	13411508.785620	-14256669.649378	18247240.868313	-17249266.150084	9251162.882676	18247240.868313
23100	14389580.784414	-14011650.868923	17687462.916858	-17903822.046239	9101623.556288	17687462.916858
23400	15340727.510012	-13740417.210158	17094587.167956	-18539643.289982	8967642.517732	17094587.167956
23700	16263176.961871	-13443483.079022	16469731.696365	-19155187.193328	8848557.270970	16469731.696365
24000	17155210.531211	-13121409.460427	15814072.441335	-19748969.285833	8743617.486234	15814072.441335
24300	18015165.758901	-12774803.110812	15128841.109066	-20319568.951657	8651988.757479	15128841.109066
24600	18841439.303012	-12404315.332402	14415322.991797	-20865634.815227	8572756.711370	14415322.991797
24900	19632489.631973	-12010640.895440	13674854.706407	-21385889.854808	8504931.451035	13674854.706407
25200	20386839.783570	-11594516.643813	12908821.855411	-21879136.224338	8447452.316614	12908821.855411
25500	21103079.751930	-11156720.464772	12118656.613244	-22344259.764953	8399192.943471	12118656.613244
25800	21779869.041760	-10698069.769984	11305835.240748	-22780234.188772	8358966.597872	11305835.240748
26100	22415938.955515	-10219420.175574	10471875.530772	-23186124.918739	8325531.768897	10471875.530772
26400	23010094.912203	-9721663.832871	9618334.187835	-23561092.569546	8297597.994434	9618334.187835
26700	23561218.421816	-9205728.192839	8746804.144842	-23904396.055985	8273831.898194	8746804.144842
27000	24068269.177077	-8672574.224461	7858911.819860	-24215395.316417	8252863.413910	7858911.819860
27300	24530286.890709	-8123194.875690	6956314.316025	-24493553.640439	8233292.172142	6956314.316025
27600	24946393.126340	-7558613.161451	6040696.567694	-24738439.591271	8213694.024456	6040696.567694
27900	25315792.819908	-6979880.740711	5113768.436031	-24949728.514859	8192627.679194	5113768.436031
28200	25637775.861789	-6388075.905287	4177261.757286	-25127203.629156	8168641.422536	4177261.757286
28500	25911718.441380	-5784301.846536	3232927.347091	-25270756.688639	8140279.898185	3232927.347091
28800	26137084.344113	-5169684.535744	2282531.964220	-25380388.220613	8106090.918646	2282531.964220
29100	26313425.979648	-4545371.133618	1327855.237315	-25456207.331473	8064632.280880	1327855.237315
29400	26440385.408900	-3912527.786321	370686.558234	-25498431.082678	8014478.558948	370686.558234
29700	26517695.153983	-3272337.726000	-587178.054242	-25507383.437802	7954227.846215	-587178.054242
30000	26545178.917281	-2625998.982958	-1543939.116471	-25483493.783656	7882508.419744	-1543939.116471
30300	26522752.076866	-1974722.651074	-2497796.863770	-25427295.030076	7797985.299614	-2497796.863770
30600	26450422.115382	-1319730.532989	-3446954.451862	-25339421.294643	7699366.676172	-3446954.451862
30900	26328288.855369	-662253.107559	-4389621.171652	-25220605.180163	7585410.178530	-4389621.171652
31200	26156544.559729	-3527.118950	-5324015.672909	-25071674.654397	7454928.958060	-5324015.672909
31500	25935473.857151	655206.272876	-6248369.192259	-24893549.543107	7306797.561165	-6248369.192259
31800	25665453.534458	1312703.949317	-7160928.780746	-24687237.649041	7139957.566243	-7160928.780746
32100	25346952.161713	1967722.959011	-8059960.526050	-24453830.511076	6953422.960467	-8059960.526050
32400	24980529.539682	2619022.999605	-8943752.764305	-24194498.819201	6746285.232857	-8943752.764305
32700	24566836.023460	3265368.345637	-9810619.276284	-23910487.502551	6517718.161031	-9810619.276284
33000	24106611.656698	3905530.298325	-10658902.462566	-23603110.509099	6266982.270061	-10658902.462566
33300	23600685.115684	4538289.624481	-11486976.492140	-23273745.297031	5993428.942959	-11486976.492140
33600	23049972.566409	5162438.513970	-12293250.418755	-22923827.059134	5696504.163579	-12293250.418755
33900	22455476.277629	5776783.075694	-13076171.259180	-22554842.702799	5375751.873997	-13076171.259180
34200	21818283.119598	6380145.506548	-13834227.027381	-22168324.609451	5030816.929852	-13834227.027381
34500	21139562.819837	6971366.547457	-14565949.718528	-21765844.198310	4661447.638636	-14565949.718528
34800	20420566.189244	7549307.433942	-15269918.236587	-21349005.320448	4267497.867480	-15269918.236587
35100	19662623.049209	8112852.319970	-15944761.259186	-20919437.510042	3848928.708662	-15944761.259186
35400	18867140.079026	8660910.387867	-16589160.033324	-20478789.120569	3405809.692790	-16589160.033324
35700	18035598.392529	9192418.190494	-17201851.095439	-20028720.374452	2938319.541426	-17201851.095439
36000	17169551.140933	9706341.533894	-17781628.909281	-19570896.355289	2446746.452793	-17781628.909281
36300	16270620.771593	10201677.751255	-18327348.415013	-19106979.972337	1931487.916133	-18327348.415013
36600	15340496.245328	10677457.683202	-18837927.482947	-18638624.927320	1393050.052281	-18837927.482947
36900	14380929.964946	11132747.826083	-19312349.265325	-18167468.713910	832046.480042	-19312349.265325
37200	13393734.786919	11566652.078393	-19749664.439599	-17695125.680386	249196.710025	-19749664.439599
37500	12380780.656613	11978313.782318	-20148993.336725	-17223180.185996	-354675.930317	-20148993.336725
37800	11343991.244153	12366917.498651	-20509527.948068	-16753179.881414	-978646.834583	-20509527.948068
38100	10285340.285174	12731690.878186	-20830533.804642	-16286629.143430	-1621693.110264	-20830533.804642
38400	9206848.062253	13071906.199200	-21111351.722552	-15824982.693615	-2282697.016443	-21111351.722552
38700	8110577.492503	13386882.092959	-21351399.408689	-15369639.430130	-2960449.834140	-21351399.408689
39000	6998630.261532	13675985.036066	-21550172.920928	-14921936.501182	-3653656.155010	-21550172.920928
39300	5873142.668947	13938630.863221	-21707247.977342	-14483143.647753	-4360938.572083	-21707247.977342
39600	4736281.671857	14174286.022869	-21822281.109197	-14054457.842288	-5080842.754170	-21822281.109197
39900	3590240.533533	14382468.906802	-21895010.652810	-13636998.248841	-5811842.883704	-21895010.652810
40200	2437234.567175	14562750.986196	-21925257.575702	-13231801.528955	-6552347.435824	-21925257.575702
40500	1279496.611289	14714757.890578	-21912926.132819	-12839817.516123	-7300705.274785	-21912926.132819
40800	119272.758881	14838170.313834	-21858004.349025	-12461905.280132	-8055212.042049	-21858004.349025
41100	-1041182.292387	14932724.877453	-21760564.324479	-12098829.600928	-8814116.808813	-21760564.324479
41400	-2199609.744520	14998214.845689	-21620762.359984	-11751257.869863	-9575628.964283	-21620762.359984
41700	-3353751.438930	15034490.708049	-21438838.899852	-11419757.434264	-10337925.309612	-21438838.899852
42000	-4501354.289941	15041460.678725	-21215118.290384	-11104793.399272	-11099157.326242	-21215118.290384
42300	-5640175.065426	15019091.038477	-20950008.352545	-10806726.898792	-11857458.586293	-20950008.352545
42600	-6767984.971807	14967406.379389	-20643999.767995	-10525813.845213	-12610952.271747	-20643999.767995
42900	-7882574.430238	14886489.646568	-20297665.278218	-10262204.165307	-13357758.768415	-20297665.278218
43200	-8981757.499880	14776482.190599	-19911658.697036	-10015941.527361	-14096003.300093	-19911658.697036
43500	-10063376.602182	14637583.554146	-19486713.737424	-9786963.562293	-14823823.567903	-19486713.737424
43800	-11125307.002337	14470051.217147	-19023642.654141	-9575102.579022	-15539377.359608	-19023642.654141
44100	-12165461.428935	14274200.076887	-18523334.704294	-9380086.771998	-16240850.093627	-18523334.704294
44400	-13181794.302626	14050402.034439	-17986754.428555	-9201541.916339	-16926462.262622	-17986754.428555
44700	-14172306.208246	13799085.217552	-17414939.756400	-9038993.543579	-17594476.741884	-17414939.756400
45000	-15135048.082936	13520733.221608	-16808999.939289	-8891869.588674	-18243205.928254	-16808999.939289
45300	-16068125.483966	13215884.034244	-16170113.316348	-8759503.496489	-18871018.676003	-16170113.316348
45600	-16969702.439039	12885129.161312	-15499524.917665	-8641137.773707	-19476346.997038	-15499524.917665
45900	-17838005.446851	12529112.345280	-14798543.910903	-8535927.969840	-20057692.493810	-14798543.910903
46200	-18671327.328409	12148528.125899	-14068540.897458	-8442947.068834	-20613632.494619	-14068540.897458
46500	-19468030.680716	11744120.639846	-13310945.064931	-8361190.270695	-21142825.862353	-13310945.064931
46800	-20226551.456713	11316681.921448	-12527241.203164	-8289580.140589	-21644018.449332	-12527241.203164
47100	-20945402.212784	10867050.329756	-11718966.591584	-8226972.100982	-22116048.172637	-11718966.591584
47400	-21623175.331585	10396108.600920	-10887707.765992	-8172160.240704	-22557849.686148	-10887707.765992
47700	-22258545.816413	9904782.257850	-10035097.173379	-8123883.413193	-22968458.627553	-10035097.173379
48000	-22850274.142083	9394037.467903	-9162809.723690	-8080831.594764	-23347015.420687	-9162809.723690
48300	-23397208.763702	8864879.087487	-8272559.247775	-8041652.472458	-23692768.615766	-8272559.247775
48600	-23898288.545993	8318348.317724	-7366094.871075	-8004958.229916	-24005077.752422	-7366094.871075
48900	-24352544.781290	7755520.795140	-6445197.312793	-7969332.498784	-24283415.732809	-6445197.312793
49200	-24759103.196729	7177504.096487	-5511675.120539	-7933337.442408	-24527370.694517	-5511675.120539
49500	-25117185.624799	6585435.486870	-4567360.850551	-7895520.937968	-24736647.375512	-4567360.850551
49800	-25426111.546795	5980479.278309	-3614107.203723	-7854423.822836	-24911067.965858	-3614107.203723
50100	-25685299.259696	5363824.688636	-2653783.127723	-7808587.170713	-25050572.443517	-2653783.127723
50400	-25894266.970128	4736683.099914	-1688269.895509	-7756559.563085	-25155218.394074	-1688269.895509
50700	-26052633.572614	4100285.609631	-719457.170514	-7696904.321693	-25225180.316743	-719457.170514
51000	-26160119.261965	3455880.204257	250760.931300	-7628206.668044	-25260748.421534	250760.931300
51300	-26216545.820504	2804729.482995	1220489.772422	-7549080.776520	-25262326.924908	1220489.772422
51600	-26221836.777355	2148107.785065	2187838.107873	-7458176.688325	-25230431.853622	2187838.107873
51900	-26176017.287469	1487298.649682	3150921.972646	-7354187.054347	-25165688.368826	3150921.972646
52200	-26079213.815702	823591.921483	4107868.532983	-7235853.676061	-25068827.624699	4107868.532983
52500	-25931653.561591	158281.437921	5056819.892248	-7101973.814719	-24940683.178033	5056819.892248
52800	-25733663.709179	-507337.858341	5995936.842441	-6951406.240405	-24782186.967265	5995936.842441
53100	-25485670.444522	-1171972.446162	6923402.552709	-6783076.993973	-24594364.881314	6923402.552709
53400	-25188197.758690	-1834333.074696	7837426.186602	-6595984.836407	-24378331.940428	7837426.186602
53700	-24841866.068466	-2493137.018317	8736246.440153	-6389206.361856	-24135287.112884	8736246.440153
54000	-24447390.623272	-3147110.869150	9618134.993291	-6161900.752339	-23866507.792886	9618134.993291
54300	-24005579.737284	-3794992.953926	10481399.867491	-5913314.153958	-23573343.966439	10481399.867491
54600	-23517332.796065	-4435536.032641	11324388.683008	-5642783.656424	-23257212.093124	11324388.683008
54900	-22983638.165095	-5067509.412292	12145491.809473	-5349740.859662	-22919588.732832	12145491.809473
55200	-22405570.853424	-5689701.546666	12943145.404098	-5033715.013317	-22562003.947404	12943145.404098
55500	-21784290.066105	-6300922.259825	13715834.332157	-4694335.717078	-22186034.507859	13715834.332157
55800	-21121036.527394	-6900005.205105	14462094.964916	-4331335.171835	-21793296.938536	14462094.964916
56100	-20417129.792907	-7485809.768799	15180517.850618	-3944549.973828	-21385440.429859	15180517.850618
56400	-19673965.292761	-8057223.395982	15869750.254581	-3533922.446066	-20964139.651765	15869750.254581
56700	-18893011.329520	-8613163.553672	16528498.564943	-3099501.503440	-20531087.499931	16528498.564943
57000	-18075805.848846	-9152579.878528	17155530.561023	-2641443.050053	-20087987.806929	17155530.561023
57300	-17223953.284739	-9674455.818486	17749677.541702	-2160009.909371	-19636548.050259	17749677.541702
57600	-16339121.117793	-10177810.622088	18309836.311650	-1655571.289886	-19178472.088910	18309836.311650
57900	-15423036.453255	-10661700.992278	18834971.023669	-1128601.790917	-18715452.959646	18834971.023669
58200	-14477482.377931	-11125222.870368	19324114.875769	-579679.955209	-18249165.763623	19324114.875769
58500	-13504294.472039	-11567512.780815	19776371.662037	-9486.376821	-17781260.673262	19776371.662037
58800	-12505357.048251	-11987749.412782	20190917.176669	581198.625369	-17313356.088459	20190917.176669
59100	-11482599.311805	-12385155.071934	20567000.470934	1191497.756436	-16847031.970282	20567000.470934
59400	-10437991.707783	-12758996.789386	20903944.963129	1820439.902716	-16383823.379294	20903944.963129
59700	-9373541.963065	-13108587.628277	21201149.401923	2466963.682319	-15925214.244451	21201149.401923
60000	-8291291.250492	-13433287.730245	21458088.683757	3129921.371995	-15472631.387361	21458088.683757
60300	-7193310.149651	-13732505.391894	21674314.525253	3808083.192134	-15027438.825337	21674314.525253
60600	-6081694.881148	-14005697.852918	21849455.991836	4500141.930341	-14590932.375328	21849455.991836
60900	-4958563.232198	-14252372.188092	21983219.883980	5204717.882862	-14164334.579338	21983219.883980
61200	-3826050.652834	-14472085.994621	22075390.982738	5920364.091985	-13748789.970470	22075390.982738
61500	-2686306.161859	-14664448.051069	22125832.156368	6645571.856573	-13345360.697143	22125832.156368
61800	-1541488.577747	-14829118.787527	22134484.330070	7378776.491972	-12955022.521456	22134484.330070
62100	-393762.442917	-14965810.762679	22101366.320980	8118363.314746	-12578661.206009	22101366.320980
62400	754705.841971	-15074288.997577	22026574.540718	8862673.827003	-12217069.301863	22026574.540718
62700	1901752.058746	-15154371.222979	21910282.567898	9610012.074485	-11870943.348573	21910282.567898
63000	3045217.849415	-15205928.042580	21752740.593114	10358651.152128	-11540881.495580	21752740.593114
63300	4182954.692477	-15228883.005128	21554274.738998	11106839.830394	-11227381.552489	21554274.738998
63600	5312827.639280	-15223212.597962	21315286.258033	11852809.275443	-10930839.474049	21315286.258033
63900	6432719.207845	-15188946.097576	21036250.610856	12594779.835984	-10651548.283941	21036250.610856
64200	7540532.889128	-15126165.441981	20717716.427821	13330967.869619	-10389697.439742	20717716.427821
64500	8634196.937372	-15035004.915296	20360304.356671	14059592.581470	-10145372.639749	20360304.356671
64800	9711667.899951	-14915650.819310	19964705.799152	14778882.848032	-9918556.070653	19964705.799152
65100	10770934.284295	-14768340.948203	19531681.539443	15487083.999367	-9709127.093387	19531681.539443
65400	11810019.825985	-14593364.188598	19062060.267307	16182464.533079	-9516863.362835	19062060.267307
65700	12826987.019218	-14391059.839012	18556736.998833	16863322.733879	-9341442.375470	18556736.998833
66000	13819940.375077	-14161816.980348	18016671.397690	17527993.173027	-9182443.437445	18016671.397690
66300	14787029.793150	-13906073.599633	17442885.999775	18174853.062482	-9039350.044063	17442885.999775
66600	15726453.535449	-13624315.936909	16836464.344155	18802328.439238	-8911552.660136	16836464.344155
66900	16636461.433317	-13317077.465063	16198549.013198	19408900.156019	-8798351.889214	16198549.013198
67200	17515357.818453	-12984937.981236	15530339.584777	19993109.655301	-8698962.018315	15530339.584777
67500	18361504.539783	-12628522.406885	14833090.499424	20553564.504474	-8612514.923417	14833090.499424
67800	19173323.594965	-12248499.900135	14108108.845327	21088943.670895	-8538064.319662	14108108.845327
68100	19949299.957551	-11845582.523581	13356752.064046	21598002.516562	-8474590.339002	13356752.064046
68400	20687984.131628	-11420524.078866	12580425.579839	22079577.493199	-8421004.416832	12580425.579839
68700	21387994.760738	-10974118.612116	11780580.355487	22532590.519648	-8376154.468012	11780580.355487
69000	22048020.873530	-10507199.309573	10958710.377551	22956053.024650	-8338830.331658	10958710.377551
69300	22666824.279952	-10020636.882652	10116350.073964	23349069.639293	-8307769.463077	10116350.073964
69600	23243241.704205	-9515338.168258	9255071.666947	23710841.524722	-8281662.850293	9255071.666947
69900	23776186.936402	-8992244.370319	8376482.464224	24040669.321991	-8259161.131796	8376482.464224
70200	24264652.651299	-8452329.756239	7482222.091581	24337955.712318	-8238880.891337	7482222.091581
70500	24707712.325173	-7896599.790522	6573959.669855	24602207.577439	-8219411.104924	6573959.669855
70800	25104521.903686	-7326089.524380	5653390.939496	24833037.751161	-8199319.714544	5653390.939496
71100	25454321.449214	-6741861.606414	4722235.335925	25030166.354731	-8177160.302601	4722235.335925
71400	25756436.492335	-6145004.798271	3782233.018957	25193421.710152	-8151478.840609	3782233.018957
71700	26010279.410540	-5536631.948794	2835141.859682	25322740.827094	-8120820.485310	2835141.859682
72000	26215350.649897	-4917877.910089	1882734.388269	25418169.460645	-8083736.395102	1882734.388269
72300	26371239.699773	-4289897.931073	926794.706245	25479861.738722	-8038790.539473	926794.706245
72600	26477626.059889	-3653865.435942	-30884.633041	25508079.359552	-7984566.474021	-30884.633041
72900	26534279.992505	-3010970.109357	-988505.771997	25503190.361284	-7919674.053660	-988505.771997
73200	26541063.179260	-2362415.593710	-1944268.720465	25465667.467371	-7842756.056652	-1944268.720465
73500	26497929.159118	-1709417.741157	-2896374.547442	25396086.013025	-7752494.692321	-2896374.547442
73800	26404923.693036	-1053202.245808	-3843028.588645	25295121.459652	-7647617.965556	-3843028.588645
74100	26262184.937577	-395002.599452	-4782443.665572	25163546.505793	-7526905.871597	-4782443.665572
74400	26069943.479230	263942.329334	-5712843.311553	25002227.804713	-7389196.395054	-5712843.311553
74700	25828522.198746	922390.154823	-6632465.000155	24812122.300358	-7233391.287696	-6632465.000155
75000	25538335.995680	1579097.438995	-7539563.371106	24594273.194963	-7058461.600207	-7539563.371106
75300	25199891.348474	2232821.824729	-8432413.448780	24349805.563150	-6863452.943866	-8432413.448780
75600	24813785.692717	2882324.521868	-9309313.848108	24079921.628835	-6647490.459011	-9309313.848108
75900	24380706.680849	3526372.241099	-10168589.962614	23785895.722737	-6409783.468065	-10168589.962614
76200	23901431.237399	4163739.698802	-11008597.129132	23469068.939701	-6149629.792031	-11008597.129132
76500	23376824.479193	4793211.790479	-11827723.763591	23130843.516399	-5866419.710458	-11827723.763591
76800	22807838.414794	5413586.080952	-12624394.462114	22772676.951284	-5559639.546203	-12624394.462114
77100	22195510.578793	6023674.766278	-13397073.061535	22396075.889907	-5228874.857628	-13397073.061535
77400	21540962.401823	6622307.153172	-14144265.653293	22002589.799875	-4873813.222327	-14144265.653293
77700	20845397.478020	7208331.815245	-14864523.544555	21593804.460809	-4494246.598001	-14864523.544555
78000	20110099.578755	7780619.018130	-15556446.160286	21171335.295652	-4090073.247733	-15556446.160286
78300	19336430.656228	8338062.654038	-16218683.879910	20736820.570613	-3661299.218583	-16218683.879910
78600	18525828.530920	8879582.622405	-16849940.802104	20291914.491809	-3208039.364206	-16849940.802104
78900	17679804.512392	9404126.903033	-17448977.431206	19838280.227392	-2730517.904030	-17448977.431206
79200	16799940.741755	9910673.839749	-18014613.278678	19377582.884529	-2229068.513439	-18014613.278678
79500	15887887.580296	10398233.983723	-18545729.373030	18911482.471090	-1704133.941336	-18545729.373030
79800	14945360.641072	10865852.295553	-19041270.671616	18441626.872249	-1156265.153501	-19041270.671616
80100	13974137.793463	11312610.062538	-19500248.367721	17969644.872417	-586120.002178	-19500248.367721
80400	12976055.875323	11737626.959360	-19921742.086426	17497139.253054	5538.575579	-19921742.086426
80700	11953007.508508	12140062.729875	-20304901.962786	17025679.996832	617844.826185	-20304901.962786
81000	10906937.530096	12519119.127220	-20648950.595968	16556797.628462	1249832.907674	-20648950.595968
81300	9839839.439961	12874041.598435	-20953184.873144	16091976.722177	1900440.068868	-20953184.873144
81600	8753751.554110	13204121.039037	-21216977.657056	15632649.605387	2568510.268582	-21216977.657056
81900	7650753.318997	13508695.239948	-21439779.331407	15180190.287419	3252798.221789	-21439779.331407
82200	6532961.229783	13787150.482684	-21621119.198417	14735908.641506	3951973.857604	-21621119.198417
82500	5402524.811889	14038922.914722	-21760606.723163	14301044.867268	4664627.171916	-21760606.723163
82800	4261622.319675	14263499.917881	-21857932.619607	13876764.259896	5389273.455505	-21857932.619607
83100	3112456.653112	14460421.248613	-21912869.773524	13464152.311063	6124358.876596	-21912869.773524
83400	1957250.883305	14629280.211029	-21925273.997907	13064210.165233	6868266.394923	-21925273.997907
83700	798243.890860	14769724.651815	-21895084.616794	12677850.453618	7619321.982659	-21895084.616794
84000	-362314.253892	14881457.870938	-21822324.873903	12305893.526385	8375801.125885	-21822324.873903
84300	-1522166.637797	14964239.390639	-21707102.162863	11949064.102042	9135935.578738	-21707102.162863
84600	-2679054.187978	15017885.646542	-21549608.076333	11607988.351078	9897920.340958	-21549608.076333
84900	-3830720.391472	15042270.512432	-21350118.271770	11283191.428965	10659920.828231	-21350118.271770
85200	-4974915.735908	15037325.755889	-21108992.152161	10975095.471628	11420080.203605	-21108992.152161
85500	-6109402.493171	15003041.324769	-20826672.360518	10684018.064312	12176526.837228	-20826672.360518
85800	-7231959.302318	14939465.542107	-20503684.087563	10410171.192581	12927381.860815	-20503684.087563
86100	-8340385.938564	14846705.091099	-20140634.192550	10153660.681886	13670766.782569	-20140634.192550
86400	-9432507.724899	14724925.020678	-19738210.137784	9914486.129805	14404811.127771	-19738210.137784