-0.151281
-0.017463
-0.098677
0.025322
-0.094768
-0.148458
0.198522
0.010509
-0.184331
-0.035359
-0.180696
-0.114510
0.152424
-0.184742
0.075276
-0.062108
-0.179921
-0.162764
-0.021344
0.183338
0.070346
-0.043329
0.133648
0.147248
-0.010632
0.078691
0.019117
0.147950
-0.135001
-0.139480
-0.192944
-0.133062
-0.039227
0.134473
-0.065776
-0.026304
0.003446
0.005349
0.108145
0.011521
-0.087899
-0.130818
0.139479
-0.118674
0.087947
-0.038671
-0.188734
0.181051
-0.170872
-0.169573
0.110472
-0.165196
0.172219
0.136278
0.133987
-0.133348
-0.150073
-0.046673
0.175346
-0.057475
0.102735
-0.145629
-0.138715
-0.008424
-0.083056
-0.078662
-0.042562
0.143787
-0.010991
0.012020
0.029046
-0.019636
0.188567
-0.012134
0.061601
0.177688
0.100365
0.116584
-0.035941
-0.032375
0.197914