0.062495
0.023091
-0.081976
0.001722
0.010089
-0.109878
0.104936
-0.102640
-0.015808
0.143861
0.131574
-0.033034
0.011898
0.147001
0.037978
-0.055255
-0.172223
-0.017738
0.127521
0.180008
0.118404
-0.054894
-0.059942
0.003647
0.040647
-0.132023
0.000390
-0.057825
-0.123951
0.123668
-0.054883
-0.055819
0.118899
0.083093
0.070018
-0.168550
0.052498
-0.140698
0.062100
-0.104389
0.050367
-0.076458
-0.037145
-0.136482
0.043263
0.111400
0.108781
-0.130982
0.184156
0.144640
0.000730
0.177553
-0.194039
0.082275
0.089463
-0.036699
0.148543
0.068052
-0.090587
0.012321
0.173393
0.082030
-0.061465
-0.059393
0.124103
-0.121637
-0.075012
-0.162591
-0.086659
0.157547
-0.048415
-0.189848
-0.163222
0.171517
0.093935
-0.034491
0.153309
-0.134228
-0.040136
-0.055363
0.158201
0.013512
